1	185351	185490	2	2	1	0	1	15
1	185560	186316	2	2	1	0	1	18
1	1223358	1223831	2	2	1	1	0	3
1	1339813	1340037	2	2	1	1	0	9
1	1615634	1616507	1	1	1	1	0	3
1	3627654	3628408	1	1	1	1	0	16
1	6186817	6192929	2	2	1	0	1	6
1	6193055	6197651	2	2	1	1	0	4
1	6197757	6199561	2	2	1	1	0	8
1	6678468	6680907	2	2	1	1	0	23
1	6871841	6887653	1	1	1	1	0	11
1	7773512	7777159	1	1	1	1	0	16
1	7777319	7778117	1	1	1	1	0	7
1	7785006	7785440	1	1	1	1	0	16
1	7820240	7820466	1	1	1	1	0	12
1	8865483	8866278	2	2	1	1	0	24
1	8870511	8871890	2	2	1	1	0	7
1	9932899	9934761	2	2	1	1	0	17
1	10103093	10105515	1	1	1	1	0	17
1	11076949	11077364	2	2	1	1	0	21
1	11087911	11088122	2	2	1	1	0	13
1	12348974	12349163	1	1	1	1	0	4
1	12572854	12578717	2	2	1	1	0	14
1	15427285	15428592	1	1	1	1	0	15
1	15736864	15737928	1	1	1	1	0	21
1	15909482	15911100	1	1	1	1	0	8
1	15922350	15928090	1	1	1	1	0	15
1	16440854	16443631	1	1	1	1	0	23
1	16969935	16970252	1	1	1	1	0	6
1	17638690	17640201	1	1	1	1	0	7
1	19081574	19084503	2	2	1	1	0	18
1	19086271	19086678	2	2	1	1	0	3
1	19198929	19199650	2	2	1	1	0	14
1	19623584	19626386	1	1	1	1	0	8
1	19655436	19656865	1	1	1	1	0	8
1	20767665	20770929	2	2	1	1	0	13
1	20773611	20776596	2	2	1	1	0	3
1	21847841	21847957	2	2	1	1	0	23
1	22078584	22081721	1	1	1	1	0	11
1	22086549	22086668	1	1	1	1	0	8
1	23019948	23030468	1	1	1	1	0	13
1	23071360	23072123	1	1	1	1	0	16
1	23079178	23079552	1	1	1	1	0	15
1	23384418	23387272	2	2	1	1	0	19
1	23397956	23408663	2	2	1	1	0	7
1	23419140	23424564	2	2	1	1	0	8
1	23694792	23695797	1	1	1	1	0	10
1	23695909	23696343	1	1	1	2	0	12
1	23804526	23808134	2	2	1	1	0	21
1	23859904	23863133	2	2	1	1	0	20
1	24649030	24649970	1	1	1	1	0	11
1	24662805	24663182	1	1	1	1	0	11
1	25245302	25246443	2	2	1	1	0	7
1	26474136	26474571	1	1	1	1	0	16
1	26474668	26475112	1	1	1	1	0	4
1	28330736	28334416	1	1	1	1	0	22
1	28508161	28508829	1	1	1	1	0	23
1	31579268	31583148	1	1	1	1	0	13
1	31583242	31583460	1	1	1	1	0	16
1	32030423	32031523	1	1	1	1	0	15
1	32224476	32226170	1	1	1	1	0	10
1	32226531	32228498	1	1	1	1	0	18
1	32895440	32895554	2	2	1	1	0	22
1	35184594	35187000	2	2	1	1	0	15
1	35370628	35381258	1	1	1	1	0	4
1	35385593	35386073	1	1	1	1	0	13
1	35834175	35835833	1	1	1	1	0	10
1	36176582	36176696	1	1	1	1	0	18
1	37984780	37987572	2	2	1	1	0	18
1	37987679	37987783	2	2	1	1	0	23
1	39327354	39331202	1	1	1	1	0	23
1	39340954	39346976	1	1	1	1	0	10
1	39382153	39385433	1	1	1	1	0	20
1	39424195	39427454	1	1	1	1	0	18
1	39561123	39561684	2	2	1	1	0	10
1	40070980	40071449	1	1	1	1	0	21
1	40983457	40984820	1	1	1	1	0	23
1	40984992	40987371	1	1	1	1	0	16
1	42682732	42683402	1	1	1	1	0	4
1	42696289	42696641	1	1	1	1	0	9
1	42697263	42700780	1	1	1	0	1	14
1	42701047	42701980	1	1	1	0	1	23
1	43164494	43164642	2	2	1	1	0	9
1	43421304	43422082	1	1	1	1	0	13
1	43422226	43422479	1	1	1	1	0	3
1	43605623	43606239	1	1	1	1	0	21
1	43997740	43997854	2	2	1	1	0	17
1	43998026	44000766	2	2	1	1	0	7
1	44777790	44777999	1	1	1	2	0	15
1	44778130	44778575	1	1	1	1	0	24
1	45347694	45347917	2	2	1	1	0	15
1	45561879	45566568	1	1	1	1	0	7
1	45685621	45686411	2	2	1	1	0	19
1	45997800	46000958	1	1	1	1	0	14
1	46180659	46181099	1	1	1	1	0	24
1	46181165	46184190	1	1	1	1	0	9
1	46184398	46184593	1	1	1	1	0	21
1	46184884	46184959	1	1	1	1	0	4
1	46185116	46185224	1	1	1	1	0	13
1	46185309	46185485	1	1	1	1	0	21
1	46309128	46310154	1	1	1	3	0	21
1	46310317	46316551	1	1	1	2	0	8
1	46405506	46405587	1	1	1	1	0	19
1	46686871	46688352	2	2	1	1	0	17
1	47375294	47376703	1	1	1	1	0	6
1	52411201	52412513	1	1	1	1	0	21
1	53797145	53800692	2	2	1	1	0	17
1	54040838	54041723	2	2	1	1	0	3
1	54041806	54043372	2	2	1	1	0	12
1	54045787	54047266	2	2	1	1	0	19
1	61763180	61766278	1	1	1	1	0	15
1	63635020	63636233	1	1	1	1	0	23
1	64778093	64781379	1	1	1	1	0	18
1	64789515	64802975	1	1	1	1	0	10
1	64873524	64879024	2	2	1	1	0	18
1	71069363	71070826	2	2	1	1	0	19
1	71070997	71072120	2	2	1	1	0	10
1	74199832	74201317	1	1	1	1	0	22
1	77711856	77713199	2	2	1	1	0	12
1	77723444	77725621	2	2	1	1	0	18
1	83942680	83947123	2	2	1	1	0	7
1	84179239	84182199	1	1	1	1	0	10
1	84185183	84196615	1	1	1	1	0	11
1	84197825	84202682	1	1	1	1	0	3
1	84481013	84482914	1	1	1	1	0	12
1	86469134	86473416	1	1	1	2	0	5
1	86473558	86473728	1	1	1	2	0	13
1	86476554	86482204	1	1	1	1	0	9
1	86482383	86485342	1	1	1	1	0	5
1	86485562	86486525	1	1	1	1	0	13
1	86486754	86488995	1	1	1	1	0	12
1	86498812	86499653	1	1	1	1	0	18
1	86565452	86565801	1	1	1	1	0	3
1	89110267	89112471	2	2	1	1	0	7
1	92836393	92837455	1	1	1	1	0	22
1	92840640	92841765	1	1	1	1	0	5
1	93339537	93339648	2	2	1	1	0	15
1	94468008	94473765	1	1	1	1	0	14
1	97515942	97549559	2	2	1	1	0	6
1	99884245	99884338	1	1	1	1	0	7
1	100287204	100291402	1	1	1	1	0	22
1	108155136	108157461	2	2	1	1	0	11
1	109752721	109753116	2	2	1	1	0	6
1	109757864	109757943	2	2	1	1	0	18
1	109915697	109917292	1	1	1	1	0	8
1	109985173	110009033	1	1	1	1	0	7
1	110014858	110015424	1	1	1	1	0	12
1	111449874	111454210	1	1	1	1	0	11
1	111459637	111460916	1	1	1	1	0	13
1	112667146	112669542	1	1	1	1	0	21
1	112914166	112917177	2	2	1	1	0	24
1	112922134	112929091	2	2	1	1	0	11
1	113094756	113095873	1	1	1	1	0	9
1	113096018	113096221	1	1	1	1	0	24
1	114720718	114723882	2	2	1	1	0	17
1	114724003	114725220	2	2	1	2	0	5
1	114727091	114730257	2	2	1	1	0	3
1	114730423	114730507	2	2	1	1	0	16
1	114730649	114732603	2	2	1	1	0	12
1	114738073	114739691	2	2	1	1	0	14
1	114739891	114749820	2	2	1	1	0	11
1	114774373	114776345	2	2	1	1	0	16
1	115727123	115732900	2	2	1	1	0	7
1	116396735	116397887	1	1	1	2	0	7
1	116401656	116403883	1	1	1	1	0	22
1	119755598	119757272	2	2	1	1	0	3
1	119759283	119759863	2	2	1	1	0	23
1	119759990	119764171	2	2	1	1	0	17
1	119937467	119937856	2	2	1	1	0	6
1	119963808	119965452	2	2	1	1	0	24
1	145926178	145926481	2	2	1	1	0	15
1	145926619	145926808	2	2	1	1	0	5
1	145995477	145996016	2	2	1	1	0	9
1	149479095	149480141	1	1	1	1	0	11
1	149929917	149930364	2	2	1	1	0	10
1	150733146	150747776	2	2	1	2	0	21
1	150747880	150750005	2	2	1	1	0	17
1	151254809	151262160	1	1	1	1	0	9
1	151366454	151366721	2	2	1	2	0	24
1	153534831	153535201	2	2	1	1	0	22
1	153535361	153535948	2	2	1	1	0	15
1	153962351	153962528	2	2	1	1	0	4
1	153990803	153991114	1	1	1	0	1	18
1	154172979	154173083	2	2	1	1	0	15
1	154255327	154255682	1	1	1	1	0	12
1	154275002	154275153	1	1	1	1	0	5
1	154429445	154430482	1	1	1	1	0	7
1	154555533	154555859	2	2	1	1	0	11
1	155521619	155562778	2	2	1	0	1	3
1	155729367	155731355	1	1	1	1	0	10
1	156041988	156042152	2	2	1	1	0	16
1	156055426	156057977	1	1	1	1	0	8
1	156136122	156136213	1	1	1	1	0	18
1	156137029	156137112	1	1	1	1	0	6
1	157539365	157542858	2	2	1	1	0	14
1	159943152	159943396	2	2	1	1	0	15
1	160092696	160092923	2	2	1	1	0	8
1	160211717	160213109	1	1	1	1	0	8
1	160225664	160231296	2	2	1	1	0	13
1	160335323	160339908	2	2	1	1	0	10
1	161037827	161037912	2	2	1	1	0	8
1	161038674	161038879	2	2	1	1	0	19
1	162561778	162566011	1	1	1	1	0	11
1	162772248	162773468	1	1	1	1	0	8
1	165651088	165651977	1	1	1	1	0	15
1	165652036	165654278	1	1	1	3	0	18
1	165654352	165655367	1	1	1	3	0	19
1	165754275	165759524	2	2	1	1	0	20
1	167054467	167054975	2	2	1	1	0	15
1	167924538	167935732	2	2	1	1	0	6
1	167991340	167993225	1	1	1	1	0	9
1	168231601	168231833	1	1	1	1	0	14
1	169111499	169124883	1	1	1	1	0	24
1	171332909	171334410	1	1	1	1	0	16
1	173864305	173864483	2	2	1	1	0	22
1	173866568	173866760	2	2	1	1	0	10
1	176043268	176043709	2	2	1	1	0	4
1	176085891	176116623	2	2	1	1	0	17
1	176176008	176184632	2	2	1	1	0	22
1	176184693	176206571	2	2	1	1	0	21
1	180034083	180036925	1	1	1	1	0	11
1	182384724	182385356	2	2	1	1	0	7
1	182385557	182385759	2	2	1	1	0	18
1	183133551	183134659	1	1	1	1	0	11
1	183135157	183136385	1	1	1	1	0	6
1	184719246	184719442	2	2	1	1	0	10
1	184723857	184726254	2	2	1	1	0	14
1	185309512	185311094	2	2	1	1	0	11
1	193135590	193138084	1	1	1	1	0	9
1	193138174	193141849	1	1	1	1	0	9
1	193152445	193203794	1	1	1	1	0	9
1	201488985	201490175	2	2	1	1	0	8
1	201490345	201496191	2	2	1	1	0	6
1	201496305	201507069	2	2	1	2	0	14
1	203711109	203711959	1	1	1	1	0	20
1	203713253	203714170	1	1	1	1	0	15
1	203720741	203721196	1	1	1	1	0	14
1	205723982	205727699	2	2	1	1	0	14
1	205729622	205749956	2	2	1	1	0	19
1	206930414	206931496	2	2	1	1	0	10
1	206931556	206931670	2	2	1	7	0	22
1	206931803	206932455	2	2	1	5	0	22
1	206932578	206932985	2	2	1	3	0	17
1	206933167	206934419	2	2	1	4	0	22
1	206934747	206935485	2	2	1	2	0	24
1	206935819	206937094	2	2	1	3	0	20
1	206937752	206939118	2	2	1	2	0	15
1	206939464	206940488	2	2	1	4	1	15
1	206940585	206946335	2	2	1	5	0	14
1	209615408	209616470	2	2	1	1	0	19
1	209830148	209830802	1	1	1	1	0	14
1	211353458	211354409	1	1	1	1	0	10
1	214622282	214629045	1	1	1	1	0	16
1	219983399	219984205	2	2	1	1	0	3
1	219984258	219987141	2	2	1	1	0	11
1	219997343	220001137	2	2	1	1	0	19
1	220001256	220005247	2	2	1	1	0	10
1	220024457	220025131	2	2	1	1	0	11
1	220140290	220141802	1	1	1	1	0	23
1	222687037	222687594	2	2	1	0	1	22
1	224399035	224400949	2	2	1	1	0	8
1	224960303	224964478	1	1	1	1	0	14
1	225783369	225789239	1	1	1	1	0	12
1	228097716	228097851	1	1	1	1	0	12
1	244854504	244854972	2	2	1	1	0	8
1	244858275	244858728	2	2	1	1	0	19
1	244858842	244859274	2	2	1	1	0	21
10	5105678	5107460	1	1	1	1	0	5
10	5796863	5800597	2	2	1	1	0	21
10	5800706	5813213	2	2	1	2	0	15
10	5911129	5913746	1	1	1	1	0	4
10	5913840	5914177	1	1	1	1	0	21
10	6115312	6115452	1	1	1	1	0	9
10	13333972	13336242	2	2	1	1	0	22
10	17230711	17233586	1	1	1	1	0	11
10	17594384	17599289	2	2	1	1	0	14
10	21882440	21904521	2	2	1	1	0	4
10	21904613	21918778	2	2	1	2	0	15
10	24591331	24591641	2	2	1	1	0	20
10	28533621	28533997	1	1	1	1	0	11
10	28535758	28583398	1	1	1	1	0	5
10	28583506	28589735	1	1	1	1	0	23
10	28596042	28608185	1	1	1	1	0	5
10	29465751	29467741	2	2	1	1	0	13
10	29495182	29499115	2	2	1	1	0	19
10	29508390	29512734	2	2	1	1	0	23
10	29555109	29563200	2	2	1	1	0	15
10	29569313	29657968	2	2	1	1	0	23
10	31808752	31808993	2	2	1	1	0	11
10	31854207	31861394	2	2	1	1	0	24
10	33213718	33221718	2	2	1	1	0	17
10	46013640	46014443	2	2	1	1	0	17
10	67889124	67891401	1	1	1	1	0	18
10	68910383	68911067	1	1	1	1	0	18
10	69157164	69158046	1	1	1	1	0	14
10	69922795	69923801	1	1	1	1	0	3
10	71819623	71819713	2	2	1	1	0	22
10	71820336	71821875	2	2	1	1	0	8
10	71831252	71831845	2	2	1	2	0	19
10	72860528	72868702	1	1	1	1	0	23
10	74074904	74082453	1	1	1	1	0	6
10	74103929	74105050	1	1	1	1	0	16
10	77090511	77108480	2	2	1	1	0	4
10	78033905	78035351	1	1	1	2	0	24
10	78035418	78035510	1	1	1	1	0	11
10	78035721	78037193	1	1	1	2	0	8
10	78037305	78037438	1	1	1	1	0	3
10	80155913	80157640	2	2	1	1	0	23
10	80163614	80164052	2	2	1	1	0	4
10	84142755	84143994	1	1	1	1	0	16
10	86923507	86923593	1	1	1	1	0	10
10	87170673	87170839	1	1	1	1	0	19
10	87792756	87814437	2	2	1	1	0	20
10	87814613	87818166	2	2	0	1	0	22
10	88913459	88914533	1	1	1	1	0	21
10	88943908	88947257	2	2	1	2	0	20
10	88947387	88948801	2	2	1	1	0	19
10	90900669	90902242	1	1	1	1	0	5
10	93600500	93600666	2	2	1	1	0	4
10	94497173	94500220	1	1	1	1	0	10
10	95613864	95613965	2	2	1	1	0	20
10	96197064	96200074	2	2	1	1	0	15
10	96527497	96528030	2	2	1	1	0	4
10	97477417	97477854	2	2	1	1	0	4
10	97750471	97751390	1	1	1	1	0	9
10	99406850	99420623	2	2	1	1	0	24
10	99724124	99726967	2	2	1	1	0	14
10	104018290	104018783	1	1	1	1	0	11
10	104018909	104019733	1	1	1	1	0	10
10	104035374	104035473	2	2	1	1	0	18
10	110100849	110112776	1	1	1	1	0	18
10	110244858	110279179	1	1	1	1	0	22
10	110279295	110279913	1	1	1	1	0	12
10	110890671	110894090	1	1	1	1	0	5
10	110894199	110894411	1	1	1	2	0	12
10	110894523	110895947	1	1	1	1	0	9
10	112413308	112416887	1	1	1	1	0	7
10	112417023	112417845	1	1	1	2	0	20
10	114468217	114472976	2	2	1	1	0	22
10	115165646	115171036	1	1	1	1	0	14
10	119578835	119579934	2	2	1	1	0	24
10	119582010	119582168	2	2	1	1	0	6
10	119840961	119842471	2	2	1	1	0	16
10	119842596	119843247	2	2	1	1	0	22
10	121870039	121899865	2	2	1	1	0	8
10	121959596	121960357	2	2	1	1	0	4
10	121963329	121965285	2	2	1	1	0	19
10	122617261	122618016	1	1	1	0	1	6
10	123034516	123037746	1	1	1	1	0	21
10	124826786	124828755	1	1	1	1	0	5
10	124974399	124981708	1	1	1	1	0	15
10	124981830	124983174	1	1	1	1	0	7
10	124993330	124993854	2	2	1	1	0	18
10	128101702	128102578	2	2	1	1	0	23
10	130166981	130169432	1	1	1	1	0	14
10	130171637	130174866	1	1	1	1	0	17
11	397446	397538	1	1	1	1	0	7
11	500000	500483	2	2	1	1	0	10
11	621456	621561	2	2	1	1	0	22
11	621664	621811	2	2	1	1	0	7
11	810358	811596	1	1	1	1	0	12
11	1105612	1105855	1	1	1	1	0	10
11	1759640	1761308	2	2	1	1	0	17
11	1947380	1950898	1	1	1	0	1	11
11	1951022	1952126	1	1	1	0	1	23
11	1952210	1952781	1	1	1	0	1	16
11	2395047	2395415	1	1	1	1	0	16
11	4133659	4135081	1	1	1	1	0	7
11	6608968	6609070	1	1	1	1	0	20
11	6609846	6609935	1	1	1	1	0	16
11	6610036	6610147	1	1	1	1	0	9
11	6619268	6619383	2	2	1	1	0	22
11	8019359	8089609	1	1	1	1	0	18
11	8683266	8684005	1	1	1	1	0	11
11	8684082	8684717	1	1	1	0	1	4
11	8684893	8685677	1	1	1	1	0	19
11	8695550	8696426	2	2	1	1	0	19
11	8948476	8953202	2	2	1	1	0	15
11	9420506	9420613	1	1	1	1	0	3
11	9424991	9425145	1	1	1	1	0	3
11	9429197	9429673	1	1	1	1	0	5
11	9993999	9996380	2	2	0	1	0	21
11	10803129	10803210	2	2	1	1	0	12
11	10805016	10805906	2	2	1	1	0	16
11	10806048	10806819	2	2	1	1	0	14
11	11952872	11954896	1	1	1	1	0	15
11	13421839	13463099	2	2	0	1	0	12
11	14457884	14458531	2	2	1	1	0	3
11	14458688	14460207	2	2	1	1	0	7
11	14867759	14869460	1	1	1	1	0	21
11	16744685	16752784	1	1	1	1	0	6
11	17075624	17077167	2	2	1	0	1	3
11	17077478	17077618	2	2	1	0	1	15
11	27378769	27380270	2	2	1	1	0	11
11	27380340	27380639	2	2	1	1	0	11
11	28090728	28091408	2	2	1	1	0	5
11	32098529	32100547	1	1	1	1	0	14
11	32587145	32588593	1	1	1	1	0	23
11	32589136	32589546	1	1	1	1	0	16
11	32935436	32953856	1	1	1	1	0	22
11	33328634	33337074	1	1	1	1	0	5
11	33339535	33340967	1	1	1	1	0	24
11	33717472	33722378	2	2	1	1	0	19
11	34079766	34082824	1	1	1	1	0	20
11	34464236	34468287	1	1	1	1	0	14
11	35685337	35725923	1	1	1	1	0	19
11	43321477	43321984	1	1	1	1	0	6
11	43322137	43323429	1	1	1	1	0	22
11	44594726	44600157	1	1	1	1	0	10
11	46370010	46371312	1	1	1	0	1	15
11	46371604	46371703	1	1	1	1	0	3
11	47542747	47546479	2	2	0	0	1	22
11	47582469	47584313	1	1	1	1	0	7
11	47630615	47631035	2	2	1	1	0	6
11	47631088	47631653	2	2	1	1	0	8
11	57795730	57796456	1	1	1	1	0	13
11	57811487	57814310	1	1	1	1	0	5
11	57816002	57816296	1	1	1	1	0	14
11	60501183	60501982	1	1	1	1	0	6
11	61300933	61302256	2	6	1	1	0	13
11	61312085	61313498	2	2	1	1	0	11
11	61314487	61316284	2	2	1	1	0	15
11	62559838	62560068	2	2	1	1	0	16
11	62560455	62566805	2	2	1	1	1	17
11	62567011	62567398	2	2	1	1	0	11
11	62567529	62570964	2	2	1	2	0	22
11	62676640	62676812	2	2	1	1	0	12
11	62722714	62722812	2	2	1	1	0	17
11	62797239	62797317	2	2	1	1	0	14
11	62800487	62801093	2	2	1	1	0	6
11	63756171	63758155	1	1	1	1	0	20
11	64316969	64317057	2	2	1	1	0	5
11	64317148	64317263	2	2	1	1	0	22
11	65121645	65121738	2	2	1	1	0	5
11	65132352	65132731	2	2	1	1	0	17
11	65132781	65132921	2	2	1	1	0	22
11	65209388	65209848	1	1	1	1	0	17
11	65210453	65210813	1	1	1	1	0	20
11	65348932	65351682	1	1	1	1	0	19
11	65856243	65858096	2	2	1	1	0	9
11	65872019	65872243	2	2	1	1	0	8
11	67441515	67441732	2	2	1	1	0	14
11	67490215	67490315	1	1	1	1	0	22
11	67583845	67584133	1	1	1	1	0	13
11	67586212	67586388	1	1	1	1	0	18
11	68050067	68050136	1	1	1	1	0	9
11	68263867	68268053	2	2	1	1	0	18
11	68460828	68519500	1	1	1	1	0	9
11	68551187	68554144	1	1	1	1	0	21
11	70421581	70422939	1	3	1	1	0	18
11	70431281	70433100	1	1	1	1	0	22
11	72843329	72843448	2	2	1	1	0	3
11	73677963	73679653	2	2	1	1	0	21
11	73720900	73730764	2	2	1	1	0	10
11	75399578	75400693	1	1	1	1	0	5
11	75400825	75401639	1	1	1	2	0	7
11	75404208	75404671	1	1	1	1	0	16
11	77625819	77629762	2	2	1	1	0	15
11	77683820	77685104	2	2	1	1	0	9
11	82850506	82853176	2	2	1	1	0	8
11	85631809	85634085	1	1	1	1	0	18
11	86014964	86022366	2	2	1	1	0	21
11	93796541	93797534	1	1	1	1	0	20
11	93797720	93801834	1	1	1	1	0	7
11	102377751	102377856	1	1	1	1	0	12
11	102377899	102377989	1	1	1	1	0	20
11	108033912	108046269	1	1	1	1	0	16
11	108052802	108054646	1	1	1	1	0	20
11	108054793	108054874	1	1	1	1	0	13
11	112089012	112094804	1	3	1	0	1	10
11	116783620	116784377	2	2	1	1	0	11
11	117181538	117181806	1	1	1	1	0	4
11	117181972	117182059	1	1	1	1	0	3
11	117199433	117203001	1	1	1	1	0	7
11	117203194	117203306	1	1	1	2	0	21
11	117203885	117204214	1	1	1	4	0	15
11	118752098	118754704	2	2	1	1	0	17
11	118757288	118758773	2	2	1	1	0	12
11	118758903	118759921	2	2	1	1	0	13
11	119017546	119017957	2	2	1	1	0	5
11	119018054	119018281	2	2	1	1	0	22
11	119311186	119311279	2	2	1	1	0	24
11	120428248	120429439	1	1	1	1	0	4
11	121589391	121590039	1	1	1	1	0	7
11	123060029	123060115	2	2	1	1	0	7
11	123060269	123060592	2	2	1	1	0	5
11	123060799	123061119	2	2	1	1	0	9
11	123061330	123062063	2	2	1	1	0	22
11	124623234	124624930	1	1	1	1	0	8
11	124749867	124750713	2	2	1	1	0	16
11	125079761	125080613	1	1	1	1	0	4
11	130130167	130133628	1	1	1	1	0	5
12	549913	550921	1	1	1	1	0	20
12	1784074	1785943	1	1	1	1	0	17
12	4530051	4534156	2	2	1	1	0	13
12	6022899	6023630	2	2	1	1	0	9
12	6025694	6025905	2	2	1	1	0	7
12	6233487	6235228	1	1	1	1	0	14
12	6448151	6448639	2	2	1	1	0	11
12	6514393	6514463	1	1	1	1	0	18
12	6534862	6536493	1	1	1	1	0	6
12	6536594	6536683	1	1	1	1	0	23
12	6536791	6536919	1	1	1	1	0	8
12	6537217	6537308	1	1	1	1	0	13
12	6537391	6537583	1	1	1	3	0	14
12	6593229	6593415	2	2	1	1	0	20
12	6814301	6814758	1	1	1	1	0	17
12	6868988	6869098	1	1	1	1	0	18
12	6869184	6869257	1	1	1	1	0	16
12	6966501	6967170	2	2	1	1	0	8
12	6968022	6968410	2	2	1	1	0	12
12	7064393	7065099	1	1	1	1	0	10
12	7369666	7373319	2	2	1	1	0	21
12	8662107	8662626	2	2	1	1	0	10
12	9069814	9070487	2	2	1	1	0	10
12	9079816	9080093	2	2	1	1	0	23
12	9089252	9089901	2	2	1	1	0	22
12	9112212	9112376	2	2	1	1	0	6
12	10699655	10701253	2	2	1	1	0	15
12	14614944	14616632	2	2	1	1	0	15
12	14619374	14619737	1	1	1	1	0	10
12	14645316	14651406	2	2	1	1	0	7
12	14944840	14947872	2	2	1	1	0	5
12	15957034	15958187	1	1	1	1	0	7
12	15959925	15962812	1	1	1	1	0	22
12	21490379	21491518	2	2	1	1	0	3
12	22046564	22055148	1	1	1	1	0	15
12	27309198	27312548	1	1	1	1	0	5
12	27315118	27315288	1	1	1	1	0	23
12	27656731	27660883	1	1	1	1	0	4
12	29341817	29343119	2	2	1	1	0	16
12	30634287	30636981	2	2	1	1	0	23
12	40232384	40235625	1	1	1	1	0	14
12	42313199	42313689	2	2	1	1	0	10
12	44211388	44299579	1	1	1	1	0	22
12	45852897	45860800	1	1	1	1	0	16
12	46189072	46197719	2	2	1	1	0	14
12	46229640	46239678	2	2	1	1	0	9
12	46370628	46370775	2	2	1	1	0	4
12	46370858	46371177	2	2	1	1	0	17
12	49559968	49560294	2	2	1	1	0	16
12	50195888	50200776	2	2	1	1	0	18
12	51074083	51076410	2	2	1	1	0	4
12	52901220	52901863	2	2	1	1	0	11
12	52902073	52904657	2	2	1	1	0	13
12	52952343	52952721	1	1	1	1	0	21
12	53006497	53016472	1	1	1	1	0	3
12	53039344	53039629	1	1	1	1	0	16
12	53454870	53455346	1	1	1	1	0	7
12	53471808	53479405	1	1	1	1	0	5
12	53722184	53723592	2	2	1	1	0	11
12	53723784	53724644	2	2	1	1	0	3
12	54280823	54281385	1	1	1	1	0	11
12	54281503	54281794	1	1	1	1	0	8
12	54282666	54282799	1	1	1	2	0	20
12	54407877	54408109	2	2	1	1	0	3
12	55725627	55725812	2	2	1	1	0	20
12	55725897	55726120	2	2	1	1	0	19
12	55726262	55726699	2	2	1	1	0	21
12	55728353	55728952	2	2	1	1	0	11
12	56042170	56042424	1	1	1	1	0	7
12	56042603	56043362	1	1	1	1	0	22
12	56110478	56110558	1	1	1	1	0	8
12	56130926	56131039	1	1	1	1	0	7
12	56131567	56131748	1	1	1	1	0	7
12	56134182	56134341	1	1	1	1	0	4
12	56158405	56158683	1	1	1	3	0	21
12	56158712	56159586	1	1	1	1	0	11
12	56160149	56160242	1	1	1	1	0	3
12	56172705	56173695	2	2	1	1	0	7
12	56638424	56639105	2	2	1	1	0	3
12	56643588	56643836	2	2	1	1	0	13
12	56644956	56645170	2	2	1	1	0	5
12	56666267	56670274	2	2	1	1	0	22
12	56670365	56671748	2	2	1	1	0	3
12	56673066	56687997	2	2	1	1	0	11
12	56713191	56713536	2	2	1	1	0	22
12	57184453	57184838	1	1	1	1	0	16
12	57530776	57532014	2	2	1	1	0	19
12	57716513	57716692	1	1	1	1	0	8
12	57809696	57809811	2	2	1	1	0	4
12	62566451	62571391	1	1	1	1	0	11
12	64721706	64723005	2	2	1	1	0	21
12	65238815	65239928	1	1	1	1	0	15
12	68325576	68326656	2	2	1	1	0	5
12	69251339	69253050	1	1	1	1	0	21
12	69256843	69257731	1	1	1	1	0	7
12	69259095	69259427	1	1	1	1	0	18
12	71125388	71129330	2	2	1	1	0	9
12	76074240	76084566	2	2	1	1	0	17
12	76402767	76410563	2	2	1	1	0	16
12	79592694	79594328	2	2	1	1	0	9
12	79594434	79596510	2	2	1	1	0	19
12	79786479	79788647	2	2	1	1	0	10
12	91157189	91158295	2	2	1	1	0	11
12	91164718	91178341	2	2	1	2	0	15
12	96015695	96017043	2	2	1	1	0	10
12	96029186	96035360	2	2	1	1	0	9
12	98600128	98601170	1	1	1	1	0	23
12	98601282	98601367	1	1	1	1	0	9
12	100048197	100050167	2	2	1	1	0	4
12	100283148	100291502	1	1	1	1	0	6
12	100317926	100323524	1	1	1	1	0	19
12	103937807	103938339	1	1	1	1	0	4
12	103942797	103943073	1	1	1	1	0	6
12	103946942	103947310	1	1	1	1	0	19
12	104319056	104319469	1	1	1	1	0	6
12	105188448	105189771	2	2	1	1	0	5
12	108652418	108654305	2	2	1	1	0	23
12	109099285	109101901	1	1	1	1	0	9
12	109102000	109102838	1	1	1	1	0	5
12	109951317	109953091	2	2	1	1	0	6
12	109981047	109983372	2	2	1	1	0	14
12	110339404	110339502	1	3	1	1	0	13
12	110436205	110436556	2	2	1	1	0	24
12	110436684	110437083	2	2	1	1	0	12
12	111552978	111554157	2	2	1	1	0	6
12	111803974	111809542	1	1	1	1	0	14
12	112078742	112081059	2	2	1	1	0	13
12	112406038	112406293	2	2	1	1	0	7
12	112482206	112486474	1	1	1	1	0	10
12	112502257	112504694	1	1	1	1	0	10
12	113100069	113100627	2	2	1	1	0	4
12	116019973	116022455	2	2	1	1	0	8
12	116022602	116096668	2	2	1	1	0	18
12	118138149	118139450	1	1	1	1	0	12
12	119668404	119672300	1	1	1	1	0	11
12	119674058	119674339	1	1	1	1	0	24
12	120138416	120138694	2	2	1	1	0	17
12	120196935	120197321	2	2	1	2	0	23
12	120199001	120199117	2	2	1	1	0	12
12	120199486	120200729	2	2	1	1	0	8
12	120200832	120201082	2	2	1	2	0	19
12	120213991	120214135	2	2	1	1	0	7
12	120214218	120214824	2	2	1	1	0	20
12	120444956	120446225	2	2	1	1	0	12
12	121228867	121228962	1	1	1	1	0	11
12	121229100	121232413	1	1	1	1	0	6
12	121444273	121444449	2	2	1	1	0	15
12	121799957	121801706	2	2	1	1	0	17
12	122511189	122515104	2	2	1	1	0	22
12	122515228	122517226	2	2	1	1	0	10
12	122849956	122850834	1	1	1	1	0	23
12	122854184	122854904	1	1	1	1	0	24
12	123214835	123218375	2	2	1	1	0	10
12	123315445	123315547	2	2	1	1	0	13
12	124912181	124913320	2	2	1	0	1	9
12	124913775	124914586	2	2	1	1	1	14
12	125118766	125124704	1	1	1	1	0	24
12	130874734	130875611	1	1	1	1	0	3
13	20026763	20027202	1	1	1	1	0	24
13	20404742	20413281	2	2	1	1	0	20
13	21146928	21147185	1	1	1	1	0	9
13	24452594	24453586	2	2	1	1	0	24
13	26393511	26396284	1	1	1	1	0	22
13	26397226	26400452	1	1	1	1	0	21
13	27251586	27253764	1	1	1	1	0	3
13	27254282	27255241	1	1	1	1	1	20
13	27440450	27445087	2	2	1	1	0	9
13	27445157	27450508	2	2	1	1	0	21
13	28659188	28662409	1	1	1	1	0	4
13	28710844	28712679	2	2	1	1	0	18
13	31138569	31138780	2	2	1	1	0	8
13	35232620	35290388	1	1	1	1	0	11
13	35290451	35309527	1	1	1	1	0	24
13	37569822	37570579	2	2	1	1	0	12
13	37579360	37579860	2	2	1	1	0	13
13	39038724	39039135	1	1	1	1	0	3
13	40754093	40756872	2	2	1	1	0	6
13	40943926	40949805	2	2	1	1	0	19
13	40949974	40951328	2	2	1	1	0	8
13	41732156	41761127	2	2	1	1	0	24
13	45252971	45267232	1	1	1	1	0	20
13	45337389	45338659	2	2	1	5	0	22
13	45338777	45339496	2	2	1	3	0	10
13	45339603	45339993	2	2	1	2	0	17
13	45340185	45340711	2	2	1	3	0	19
13	47968734	47973263	2	2	1	1	0	14
13	48349024	48360016	1	1	1	1	0	17
13	52427220	52433661	2	2	1	1	0	13
13	52434883	52436289	2	2	1	1	0	21
13	72798027	72821848	1	1	1	1	0	10
13	75623321	75625895	1	1	0	1	0	14
13	78617123	78635109	2	2	1	1	0	5
13	94605550	94612189	1	1	1	1	0	14
13	95723367	95725177	1	1	1	1	0	13
13	95760222	95760678	1	1	1	1	0	20
13	97366554	97391321	1	1	1	1	0	20
13	98902492	98902971	2	2	1	1	0	6
13	99520130	99529466	1	1	1	1	0	23
13	100257674	100262728	1	1	1	1	0	9
13	102793419	102793600	2	2	1	1	0	14
13	110357553	110424733	1	1	1	1	0	3
13	110457436	110458770	1	1	1	1	0	11
13	112520022	112522319	2	2	1	1	0	21
13	112565179	112569151	2	2	1	1	0	17
14	20474949	20475061	1	1	1	1	0	14
14	21230367	21230996	2	2	1	1	0	16
14	21231073	21233952	2	2	1	1	0	20
14	21234230	21269297	2	2	1	0	1	15
14	22565138	22575058	2	2	1	1	0	20
14	24145773	24146207	2	2	1	1	0	21
14	24210769	24211414	2	2	1	1	0	19
14	30734859	30735585	1	1	1	1	0	20
14	31150222	31156839	2	2	1	1	0	14
14	31157304	31168297	2	2	1	1	0	14
14	35627952	35634573	2	2	1	1	0	14
14	35761007	35762709	2	2	1	1	0	21
14	35771000	35775005	2	2	1	1	0	20
14	35775056	35775634	2	2	1	1	0	19
14	37680262	37682757	1	1	1	1	0	19
14	39033329	39039030	2	2	1	1	0	10
14	39040888	39042785	2	2	1	1	0	5
14	49779676	49779747	1	1	1	1	0	12
14	49780776	49782369	1	1	1	1	0	6
14	49799679	49800419	2	2	1	1	0	14
14	50153174	50156998	2	2	1	1	0	16
14	51993823	51998493	1	1	1	1	0	17
14	55140364	55142583	1	1	1	1	0	21
14	55142750	55145115	1	1	1	1	0	7
14	55640971	55641126	1	1	1	1	0	23
14	55672702	55672928	1	1	1	2	0	7
14	57399884	57409378	1	1	1	1	0	17
14	59495225	59498726	1	1	1	1	0	15
14	61740628	61740754	1	1	1	1	0	20
14	64065651	64070644	1	1	1	1	0	10
14	64126808	64128451	1	1	1	1	0	3
14	64129902	64130047	1	1	1	1	0	14
14	65004314	65012316	1	1	1	1	0	13
14	67347454	67349036	2	2	1	1	0	5
14	67570013	67571751	1	1	1	1	0	16
14	67572278	67573275	1	1	1	1	0	20
14	69116496	69118138	2	2	1	1	0	22
14	69453310	69454811	1	1	1	1	0	21
14	69454898	69455731	1	1	1	1	0	11
14	69768283	69768603	1	1	1	1	0	3
14	73099751	73103191	1	1	1	1	0	10
14	75135007	75135759	2	2	1	1	0	23
14	75461531	75469289	1	1	1	1	0	21
14	77576916	77578954	2	2	1	1	0	9
14	81484398	81485671	2	2	1	1	0	9
14	88627047	88627645	2	2	1	1	0	5
14	90256601	90259159	1	1	1	1	0	9
14	90259214	90260114	1	1	1	1	0	22
14	90400096	90401258	1	1	1	1	0	7
14	90401403	90403861	1	1	1	1	0	14
14	90403969	90404378	1	1	1	1	0	13
14	90404515	90404688	1	1	1	1	0	18
14	92116230	92117497	2	2	1	1	0	3
14	94115943	94116441	1	1	1	1	0	12
14	95204464	95209394	2	2	1	1	0	3
14	99458536	99459112	2	2	1	1	0	18
14	102022881	102026573	1	1	1	1	0	7
14	102085432	102085757	2	2	1	1	0	13
14	102972162	102974015	2	2	1	1	0	13
14	103334261	103334388	1	1	1	1	0	13
14	103520312	103520468	2	2	1	1	0	5
14	103520593	103521262	2	2	1	1	0	18
14	103521435	103521817	2	2	1	1	0	20
14	104709384	104709619	1	1	1	1	0	23
14	105707563	105707784	2	2	1	1	0	3
14	106062456	106062558	2	2	1	1	0	10
14	106153935	106154037	2	2	1	0	1	3
14	106165510	106165610	2	2	1	0	1	3
15	22892978	22903705	2	2	1	1	0	18
15	22912276	22914725	2	2	1	1	0	5
15	22917936	22918691	2	2	1	1	0	4
15	22932341	22933801	2	2	1	1	0	14
15	22933894	22937103	2	2	1	2	0	20
15	22943355	22944557	2	2	1	1	0	22
15	29773358	29800645	2	2	1	1	0	10
15	33746523	33747088	1	1	0	1	0	16
15	34130771	34138901	2	2	0	1	0	19
15	39973015	39973591	1	1	1	1	0	9
15	40337447	40337766	2	2	0	1	0	15
15	40353268	40354344	1	1	1	2	0	8
15	40354353	40356072	1	1	1	2	0	8
15	40844187	40844489	1	1	1	1	0	22
15	40853252	40853488	1	1	1	1	0	3
15	41085584	41087561	2	2	1	1	0	12
15	41457877	41464770	1	1	1	1	0	19
15	42142205	42142527	2	2	1	1	0	19
15	43135650	43138573	1	1	1	1	0	4
15	43595470	43595855	1	1	1	0	1	6
15	43596078	43596206	1	1	1	0	1	23
15	43596532	43598192	1	1	1	1	0	7
15	43598953	43599156	1	1	1	1	0	17
15	43695302	43695687	1	1	1	0	1	6
15	43695910	43696038	1	1	1	0	1	23
15	43766911	43768488	1	1	1	1	0	10
15	44337908	44338236	1	1	1	1	0	22
15	44380977	44413335	1	1	1	1	0	9
15	44554668	44557488	1	1	1	1	0	10
15	44711614	44715422	1	1	1	2	0	11
15	44715702	44716328	1	1	1	4	0	20
15	44716357	44717606	1	1	1	1	0	20
15	45431087	45432071	1	1	1	1	0	6
15	45432133	45432947	1	1	1	1	0	19
15	45669982	45673606	1	1	1	1	0	10
15	48488494	48489850	2	2	1	1	0	8
15	48513669	48515386	2	2	1	1	0	9
15	49139654	49144226	2	2	1	1	0	11
15	49145079	49155524	2	2	1	1	0	9
15	49483255	49484309	1	1	1	1	0	4
15	50574720	50574851	2	2	1	1	0	17
15	50749747	50765467	2	2	1	1	0	19
15	55872477	55873957	2	2	1	1	0	21
15	55951415	55951510	2	2	1	1	0	9
15	60349198	60351192	2	2	1	1	0	11
15	60351252	60351723	2	2	1	1	0	5
15	60351820	60352382	2	2	1	0	1	24
15	60357237	60360940	2	2	1	1	0	9
15	60397339	60397942	2	2	1	1	0	22
15	61910306	61911839	2	2	1	1	0	23
15	61934332	61936596	2	2	1	1	0	21
15	61950418	61950944	2	2	1	1	0	9
15	61951025	61951823	2	2	1	1	0	9
15	62727190	62736877	1	1	1	1	0	15
15	63057119	63059562	1	1	1	4	0	22
15	63061789	63062214	1	1	1	3	0	21
15	63062278	63062575	1	1	1	1	0	14
15	63062646	63071089	1	1	1	2	0	20
15	63345620	63346529	2	2	1	1	0	11
15	63633971	63634732	2	4	1	1	0	20
15	65058618	65059344	2	2	1	1	0	11
15	65467224	65474208	2	2	1	1	0	20
15	65479040	65480221	2	2	1	1	0	17
15	66499653	66500055	2	2	1	1	0	19
15	66501505	66501787	2	2	1	1	0	6
15	66501913	66502611	2	2	1	1	0	7
15	66502751	66503057	2	2	1	1	0	7
15	68194113	68197439	2	2	1	1	0	5
15	68350783	68351257	2	2	1	1	0	19
15	69380011	69384676	1	1	1	1	0	16
15	69453021	69453646	1	1	1	1	0	21
15	72351235	72353067	2	2	1	1	0	5
15	73176558	73178306	1	1	1	1	0	18
15	74926888	74929115	2	2	1	1	0	8
15	74929233	74937914	2	2	1	1	0	13
15	75470831	75473688	2	2	1	1	0	21
15	77052930	77054177	2	2	1	1	0	11
15	77054280	77055788	2	2	1	1	0	4
15	78163781	78164991	1	1	1	1	0	15
15	78887350	78890988	1	1	1	1	0	9
15	78935751	78937317	2	2	1	1	0	13
15	84691645	84716024	2	2	1	1	0	5
15	89790542	89790952	2	2	1	1	0	7
15	89799560	89801110	2	2	1	1	0	5
15	89801188	89801434	2	2	1	2	0	12
15	89903984	89908279	2	2	1	1	0	12
15	90390874	90426109	1	1	1	1	0	20
15	90433796	90439331	1	1	1	1	0	7
15	90477890	90481959	1	1	1	1	0	10
15	90483594	90484219	1	1	1	1	0	11
15	94358613	94367604	1	1	1	1	0	13
15	99287952	99333922	1	1	1	1	0	19
15	99334130	99352368	1	1	1	1	0	13
15	101272857	101274419	2	2	1	1	0	21
15	101443661	101489373	2	2	1	0	1	3
16	682077	682164	1	1	1	1	0	11
16	683235	683321	2	2	1	1	0	12
16	683442	683529	2	2	1	1	0	5
16	1962657	1962735	2	2	1	1	0	7
16	1962910	1963148	2	2	1	2	0	12
16	1964366	1964448	2	2	1	1	0	10
16	1964629	1964806	2	2	1	1	0	6
16	2106025	2106090	2	2	1	1	0	18
16	2176181	2176264	1	1	1	1	0	6
16	3065688	3065783	1	1	1	1	0	15
16	4796049	4796189	1	1	1	1	0	12
16	10543661	10547539	2	2	1	1	0	20
16	11885275	11886470	2	2	1	1	0	8
16	14436773	14446887	2	2	1	1	0	21
16	14863188	14864584	1	1	1	0	1	16
16	15704124	15708802	2	2	1	1	0	6
16	15708842	15714908	2	2	1	2	0	24
16	15715082	15715163	2	2	1	1	0	13
16	15715273	15717139	2	2	1	3	0	12
16	15717349	15718314	2	2	1	2	0	18
16	15719309	15719584	2	2	1	1	0	12
16	15720313	15720838	2	2	1	1	0	6
16	15721635	15724160	2	2	1	2	0	10
16	15724410	15724646	2	2	1	1	0	12
16	15724800	15724887	2	2	1	2	0	14
16	15727055	15732563	2	2	1	4	0	20
16	15735579	15737448	2	2	1	2	0	20
16	15741892	15745128	2	2	1	1	0	24
16	15747731	15747873	2	2	1	2	0	19
16	15747944	15748046	2	2	1	2	0	15
16	15750332	15753393	2	2	1	1	0	5
16	15753509	15756340	2	2	1	1	0	7
16	15756515	15757826	2	2	1	3	0	14
16	15760659	15763795	2	2	1	3	0	17
16	15763892	15771568	2	2	1	1	0	8
16	15776177	15778779	2	2	1	3	0	22
16	15782478	15786629	2	2	1	2	0	18
16	15798688	15823254	2	2	1	1	0	16
16	15823412	15837907	2	2	1	1	0	23
16	15838270	15856940	2	2	1	1	0	15
16	16261677	16263073	1	1	1	0	1	16
16	18531608	18533004	2	2	1	0	1	16
16	18784824	18788062	2	2	1	2	0	7
16	18850127	18850236	2	2	1	1	0	18
16	21458050	21458520	2	2	1	0	1	23
16	21460221	21463702	2	2	1	0	1	13
16	21479579	21484371	2	2	1	1	0	12
16	22475219	22478690	1	1	1	0	1	13
16	22480383	22480853	1	1	1	0	1	23
16	23483005	23486014	2	2	1	1	0	6
16	24556448	24559504	1	1	1	1	0	4
16	24563296	24563422	1	1	1	1	0	8
16	24952371	24952930	2	2	1	1	0	17
16	24968773	24970506	2	2	1	1	0	20
16	24970581	24977214	2	2	1	1	0	24
16	28383482	28388057	2	2	1	0	1	12
16	28390982	28391751	2	2	1	0	1	13
16	28400985	28401206	2	2	1	0	1	8
16	28714099	28714320	1	1	1	0	1	8
16	28723552	28724321	1	1	1	0	1	13
16	28727246	28731828	1	1	1	0	1	12
16	29963590	29968024	1	1	1	1	0	24
16	30067662	30068645	1	1	1	1	0	10
16	30070030	30070116	1	1	1	1	0	5
16	31271085	31271846	1	1	1	1	0	18
16	31324554	31324650	1	1	1	1	0	19
16	31324783	31324957	1	1	1	1	0	12
16	46957221	46959002	2	2	1	1	0	5
16	47461427	47497398	1	1	1	1	0	16
16	47587764	47588904	1	1	1	1	0	21
16	50333698	50334710	2	2	1	1	0	5
16	50340087	50350022	2	2	1	1	0	6
16	56758656	56798475	1	1	1	1	0	16
16	57055520	57058064	1	1	1	1	0	22
16	57058149	57058971	1	1	1	1	0	13
16	58587256	58587344	2	2	1	1	0	11
16	66806027	66808520	2	2	1	1	0	10
16	66808614	66808988	2	2	1	1	0	6
16	66932301	66932779	2	2	1	1	0	19
16	67944932	67945086	2	2	1	1	0	23
16	68828305	68829653	1	1	1	1	0	23
16	70478651	70479179	1	1	1	1	0	16
16	71748379	71749893	2	2	1	1	0	12
16	81927179	81928557	1	1	1	1	0	20
16	84740370	84744632	1	1	1	1	0	3
16	84772686	84775159	1	1	1	1	0	4
16	85801279	85804936	1	1	1	1	0	9
16	87392468	87398814	1	1	1	1	0	24
16	88646839	88647100	2	2	1	1	0	20
16	88738737	88741477	2	2	1	1	0	11
16	88741617	88742052	2	2	1	1	0	11
16	89560713	89560939	1	1	1	2	0	17
17	655954	661808	2	2	1	1	0	14
17	1465753	1467241	2	2	1	1	0	3
17	1656762	1658252	2	2	1	1	0	22
17	1682039	1682128	2	2	1	1	0	22
17	1709887	1710066	2	2	1	1	0	4
17	3941307	3941435	2	2	1	1	0	8
17	4183552	4183811	2	2	1	1	0	10
17	4960319	4960458	2	2	1	1	0	3
17	4972992	4973174	2	2	1	1	0	24
17	5002843	5003611	1	1	1	1	0	21
17	5022710	5023467	1	1	1	1	0	22
17	5434967	5438122	2	2	1	1	0	8
17	6642325	6642950	1	1	1	1	0	6
17	7224715	7224808	1	1	1	1	0	19
17	7235841	7235929	2	2	1	1	0	14
17	7246371	7246790	2	2	1	1	0	23
17	7246863	7247063	2	2	1	1	0	18
17	7260537	7260641	2	2	1	1	0	5
17	7309801	7311017	1	1	1	1	0	18
17	7314598	7314958	2	2	1	1	0	23
17	7315120	7315330	2	2	1	1	0	10
17	7577707	7577826	1	1	1	1	0	7
17	7899544	7899895	1	1	1	1	0	9
17	8377693	8379795	2	2	1	1	0	20
17	8382316	8383156	2	2	1	3	0	24
17	9772923	9777192	2	2	1	1	0	19
17	9781595	9791130	2	2	1	1	0	7
17	9854602	9857422	1	1	1	1	0	21
17	12717422	12722846	1	1	1	1	0	17
17	12994885	12994962	2	2	1	1	0	22
17	16004263	16006473	1	1	1	1	0	8
17	16025172	16026539	1	1	1	1	0	21
17	16070526	16071408	2	2	1	1	0	4
17	16146549	16149450	2	2	1	1	0	15
17	16381185	16381901	1	1	1	1	1	19
17	16382131	16382358	1	1	1	2	1	20
17	16441131	16441367	1	1	1	1	0	11
17	21002843	21021205	2	4	1	0	1	3
17	21003074	21004201	2	2	1	1	0	22
17	27645912	27646546	1	1	1	2	0	16
17	27646589	27647029	1	1	1	1	0	19
17	28720891	28722722	1	1	1	0	2	10
17	28856392	28856504	1	1	1	1	0	7
17	29616848	29616937	2	2	1	1	0	14
17	31338140	31338703	1	1	1	1	0	23
17	32721190	32738252	2	2	1	2	0	5
17	35627506	35627630	1	1	1	1	0	12
17	36581539	36585299	1	1	1	1	0	5
17	38299469	38306532	1	1	1	0	1	23
17	38850215	38850361	2	2	1	1	0	22
17	38850476	38852603	2	2	1	1	0	12
17	38852733	38853021	2	2	1	1	0	13
17	39200350	39201212	1	1	1	1	0	12
17	39201320	39202316	1	1	1	1	0	15
17	39202440	39202988	1	1	1	1	0	6
17	39204188	39204524	1	1	1	1	1	9
17	39628623	39629169	1	1	1	1	0	18
17	40181695	40184213	0	0	1	1	0	23
17	40408631	40411108	2	2	1	1	0	13
17	40876459	40877379	2	2	1	1	0	21
17	40877418	40878144	2	2	1	1	0	18
17	40878366	40879812	2	2	1	2	0	9
17	40879939	40880099	2	2	1	2	0	22
17	40880262	40880613	2	2	1	2	0	12
17	40880771	40882571	2	2	1	2	0	15
17	41524269	41524378	2	2	1	1	0	7
17	42128384	42128648	2	2	1	1	0	4
17	42128801	42130336	2	2	1	1	0	11
17	42337587	42337762	2	2	1	1	0	15
17	42569304	42569506	1	1	1	1	0	8
17	42569607	42569981	1	1	1	1	0	10
17	42728953	42730827	2	2	1	1	0	4
17	42816055	42818220	2	2	1	1	0	19
17	42823880	42824154	2	2	1	1	0	17
17	42998472	42998748	1	1	1	1	0	20
17	43002784	43002871	1	1	1	1	0	9
17	43493590	43493682	1	1	1	1	0	22
17	44207368	44207453	2	2	1	1	0	21
17	44207771	44207863	2	2	1	1	0	23
17	44211332	44211605	2	2	1	1	0	16
17	44345335	44349161	1	1	1	0	1	4
17	44349303	44349425	1	1	1	0	1	21
17	45116785	45117993	2	2	1	1	0	16
17	47483091	47490165	2	2	1	0	1	23
17	47974032	47974399	1	3	1	1	0	11
17	49132807	49141246	1	1	1	1	0	23
17	49159218	49160554	1	1	1	1	0	6
17	49406855	49409041	2	2	1	1	0	5
17	49409474	49411677	2	2	1	1	0	23
17	50196671	50197009	2	2	1	1	0	18
17	50197064	50197179	2	2	1	1	0	3
17	50473807	50473893	1	1	1	1	0	22
17	50547768	50548282	1	1	1	1	0	14
17	50661115	50663680	1	1	1	1	0	9
17	50664112	50665152	1	1	1	1	0	8
17	51193511	51195213	2	2	1	1	0	6
17	51202936	51203139	2	2	1	1	0	6
17	56950997	56960774	2	2	1	1	0	23
17	59647667	59648239	1	1	1	1	0	20
17	59666978	59668776	1	1	1	2	0	14
17	59668941	59673646	1	1	1	1	0	14
17	59683537	59683624	1	1	1	1	0	22
17	59773886	59808795	1	1	1	1	0	11
17	60600887	60623520	1	1	1	1	0	3
17	60874739	60889694	1	1	1	1	0	20
17	63830190	63830270	1	1	1	1	0	7
17	64502224	64502438	2	2	1	1	0	8
17	64502550	64502925	2	2	1	1	0	9
17	64504843	64506075	2	2	1	1	0	7
17	67737693	67737846	1	1	1	1	0	17
17	68037208	68037357	1	1	1	1	0	24
17	68434627	68435619	2	2	1	1	0	20
17	68444590	68450727	2	2	1	1	0	14
17	68527901	68528869	1	1	1	1	0	17
17	68528992	68529919	1	1	1	1	0	8
17	69253668	69253793	2	2	1	1	0	13
17	69308369	69309261	2	2	1	1	0	9
17	74203711	74203917	1	1	1	1	0	10
17	74209310	74209803	1	1	1	1	0	15
17	75020396	75020487	1	1	1	1	0	10
17	75039272	75040091	2	2	1	1	0	13
17	75147654	75148528	2	2	1	1	0	3
17	75505930	75506304	2	2	1	1	0	8
17	75506714	75506798	2	2	1	1	0	6
17	75603078	75603187	1	1	1	1	0	9
17	75624917	75625122	1	1	1	1	0	12
17	75751112	75752173	1	1	1	2	0	4
17	75752357	75752445	1	1	1	1	0	17
17	75926878	75927454	2	2	1	1	0	14
17	76094582	76097795	2	2	1	1	0	16
17	76557858	76558944	1	1	1	1	0	12
17	76561399	76563118	1	1	1	1	0	19
17	76627584	76629011	2	2	1	1	0	10
17	80349907	80350300	1	1	1	1	0	12
17	81120084	81120200	2	2	1	1	0	11
17	81510834	81510926	2	2	1	1	0	4
17	81511627	81511902	2	2	1	1	0	7
17	81512361	81512733	2	2	1	1	0	19
17	81845743	81845870	2	2	1	1	0	17
17	82051965	82053273	1	1	1	1	0	15
17	82054050	82054509	1	1	1	1	0	21
17	82064235	82064822	2	2	1	1	0	17
17	82084385	82084512	2	2	1	1	0	4
17	82246040	82248874	2	2	1	1	0	11
18	677445	677742	2	2	1	1	0	14
18	724633	732833	2	2	1	1	0	18
18	2722664	2724898	1	1	1	1	0	6
18	3129520	3131374	2	2	1	1	0	22
18	3273083	3277252	1	1	1	1	0	16
18	9119591	9122512	1	1	1	1	0	5
18	9279645	9280940	1	1	1	1	0	22
18	10548379	10548966	1	1	1	1	0	10
18	12955610	12963159	1	1	1	1	0	12
18	21657153	21659169	2	2	1	1	0	4
18	21768753	21773623	1	1	1	1	0	20
18	23554985	23556242	2	2	1	1	0	18
18	24341659	24366891	2	2	1	1	0	6
18	31082424	31082925	2	2	1	1	0	12
18	31536430	31538750	1	1	1	1	0	9
18	31541315	31542519	1	1	1	1	0	21
18	35097592	35101945	1	1	1	1	0	21
18	35263658	35263944	2	2	1	1	0	7
18	35340734	35344369	2	2	1	1	0	15
18	46844840	46846706	2	2	1	1	0	3
18	46855616	46864163	2	2	1	1	0	16
18	49488567	49489358	2	2	1	2	1	9
18	49491585	49492457	2	2	1	1	0	7
18	49783932	49785196	2	2	1	1	0	5
18	49826624	49835343	2	2	1	1	0	24
18	49837803	49841364	2	2	0	1	0	20
18	50916244	50917346	1	1	1	1	0	5
18	51065607	51067018	1	1	1	1	0	7
18	54166167	54188873	2	2	1	1	0	10
18	57607666	57609356	2	2	1	1	0	18
18	57615976	57620568	2	2	1	1	0	12
18	57652730	57653991	2	2	1	1	0	22
18	57655418	57661173	2	2	1	1	0	12
18	57668541	57669317	2	2	1	1	0	11
18	57684193	57685071	2	2	1	1	0	4
18	57694671	57695170	2	2	1	1	0	21
18	58370468	58373173	1	1	1	1	0	10
18	58373270	58383245	1	1	1	1	0	3
18	62146026	62146970	2	2	1	1	0	11
18	62232428	62244763	1	1	1	1	0	6
18	63393550	63397033	2	2	1	1	0	11
18	79718017	79736354	1	1	1	1	0	17
19	572702	579499	1	1	1	1	0	15
19	580462	580645	1	1	1	1	0	18
19	580783	581314	1	1	1	1	0	17
19	581592	582305	1	1	1	2	0	18
19	582331	582513	1	1	1	1	0	5
19	760040	761624	1	1	1	1	0	14
19	991146	991226	1	1	1	1	0	3
19	1032697	1036415	1	1	1	1	0	20
19	1364580	1366304	1	1	1	1	0	6
19	1367221	1369264	1	1	1	1	0	14
19	1440254	1440348	1	1	1	1	0	10
19	2234241	2235761	2	2	1	2	0	20
19	2235829	2235922	2	2	1	1	0	8
19	2762645	2763652	2	2	1	1	0	9
19	3620803	3623687	2	2	1	1	0	14
19	3639017	3641704	2	2	1	1	0	10
19	3748082	3750137	1	1	1	1	0	15
19	3980710	3980840	2	2	1	1	0	19
19	3981453	3981946	2	2	1	1	0	12
19	3982053	3982245	2	2	1	1	0	5
19	3984351	3985377	2	2	1	2	0	11
19	4325546	4326941	2	2	1	1	0	3
19	6419261	6420072	2	2	1	1	0	11
19	6457591	6458197	2	2	1	1	0	4
19	6719404	6720515	2	2	1	1	0	15
19	7680879	7682241	1	1	1	1	0	14
19	7935146	7938026	2	2	1	1	0	10
19	8483212	8485602	1	1	1	1	0	14
19	8536397	8536498	2	2	1	1	0	21
19	8536598	8536948	2	2	1	1	0	5
19	10159768	10159841	2	2	1	1	0	18
19	10159923	10160017	2	2	1	1	0	6
19	10395144	10395227	2	2	1	1	0	19
19	10395544	10395927	2	2	1	1	0	19
19	10671536	10677162	1	1	1	1	0	18
19	11400298	11402010	2	2	1	1	0	21
19	11546970	11547796	1	1	1	1	0	15
19	11947575	11948275	1	1	1	0	1	16
19	12800300	12800915	2	2	1	1	0	7
19	12940148	12940242	1	1	1	1	0	3
19	12943630	12943712	1	1	1	1	0	14
19	12943757	12943941	1	3	1	1	0	3
19	14517047	14518138	2	2	1	1	0	10
19	14565291	14565617	1	1	1	1	0	5
19	14699282	14705053	1	1	1	1	0	8
19	16088098	16089044	1	1	1	1	0	17
19	16093599	16093683	1	1	1	1	0	13
19	16093754	16101263	1	1	1	1	0	19
19	17314390	17315933	1	1	1	1	0	11
19	17577272	17577360	1	1	1	1	0	16
19	18175223	18175310	1	1	1	1	0	12
19	18573404	18573661	1	1	1	1	0	11
19	19276675	19276946	2	2	1	1	0	10
19	19277077	19277733	2	2	1	1	0	20
19	19807069	19821600	2	2	1	1	0	23
19	21034185	21056630	1	1	1	1	0	13
19	33011804	33012646	2	2	1	1	0	16
19	33021647	33026503	2	2	1	1	0	17
19	34194642	34196633	1	1	1	1	0	10
19	34399336	34399555	1	1	1	1	0	8
19	34735047	34739147	1	1	1	1	0	21
19	35121246	35122764	1	1	1	1	0	5
19	35122840	35122917	1	1	1	1	0	14
19	35122955	35123270	1	1	1	1	0	9
19	35618196	35618401	1	1	1	1	0	6
19	35634020	35634255	1	1	1	1	0	3
19	35648404	35651232	1	1	1	1	0	14
19	36089106	36089184	1	1	1	1	0	13
19	38283798	38287875	1	1	1	1	0	14
19	38289192	38290118	1	1	1	1	0	14
19	38635119	38636888	1	1	1	1	0	8
19	38701122	38704933	1	1	1	2	0	24
19	38706132	38708116	1	1	1	1	0	9
19	38802405	38803521	2	2	1	1	0	18
19	38803552	38803741	2	2	1	1	0	21
19	38803896	38806460	2	2	1	2	0	20
19	38806596	38808743	2	2	1	2	0	7
19	38808949	38812430	2	2	1	1	0	12
19	38817576	38831077	2	2	1	1	0	19
19	38880737	38880820	2	2	1	1	0	11
19	38881156	38881431	2	2	1	1	0	11
19	39177810	39178423	1	1	1	1	0	23
19	39386800	39388338	2	2	1	1	0	20
19	39388677	39388761	2	2	1	1	0	20
19	39863497	39863620	2	2	1	1	0	18
19	39863893	39866736	2	2	1	1	0	20
19	39877275	39877662	2	2	1	0	1	15
19	39878237	39879554	2	2	1	0	1	13
19	39883447	39885672	2	2	1	0	1	11
19	39886586	39889478	2	2	1	0	1	23
19	39893528	39893921	2	2	1	0	1	15
19	39902838	39905730	2	2	1	0	1	23
19	39924733	39927058	2	2	1	1	0	7
19	41222057	41230966	1	1	1	1	0	17
19	41715905	41717454	1	1	1	1	0	17
19	41720209	41720921	1	1	1	1	0	23
19	42233206	42233285	2	2	1	1	0	5
19	42519236	42521266	2	2	1	1	0	7
19	42521522	42521923	2	2	1	1	0	5
19	43526660	43527096	2	2	1	1	0	3
19	44905842	44906601	1	1	1	1	0	22
19	44906668	44907759	1	1	1	1	0	16
19	45370233	45370535	2	2	1	1	0	14
19	46608982	46609124	1	1	1	1	0	17
19	47373701	47375465	1	1	1	1	0	9
19	47780918	47781107	1	1	1	1	0	14
19	47781183	47781289	1	1	1	1	0	21
19	47781389	47784405	1	1	1	0	1	7
19	48615448	48615876	2	2	1	1	0	4
19	48900373	48900785	1	1	1	1	0	7
19	48944508	48944823	1	1	1	1	0	4
19	48965917	48966280	1	1	1	3	0	22
19	48966407	48966582	1	1	1	1	0	18
19	49458589	49458959	1	1	1	1	0	13
19	49490298	49490474	1	1	1	1	0	12
19	49490865	49491039	1	1	1	1	0	7
19	49491548	49491728	1	1	1	2	0	16
19	49682066	49682195	1	1	1	1	0	19
19	49801622	49801721	1	1	1	1	0	6
19	54106012	54106810	1	1	1	1	0	20
19	54206463	54207397	1	1	1	1	0	17
19	54451383	54452092	1	1	1	1	0	23
19	55091701	55091858	2	2	1	1	0	9
19	55388049	55388242	1	1	1	1	0	12
19	55662619	55663605	1	1	1	1	0	9
19	55668587	55668669	1	1	1	1	0	17
19	58388246	58392975	1	1	1	1	0	14
19	58394596	58394681	1	1	1	1	0	15
2	233230	234159	2	2	1	1	0	19
2	1654509	1660880	2	2	1	1	0	23
2	3499083	3500813	2	2	1	1	0	24
2	3556905	3558132	2	2	1	1	0	17
2	8793988	8796770	2	2	1	1	0	4
2	9911558	9913158	1	1	1	1	0	3
2	10443572	10443701	2	2	1	1	0	12
2	15467805	15468381	2	2	1	1	0	13
2	20037439	20037537	2	2	1	1	0	10
2	20041012	20051409	2	2	1	1	0	4
2	24067852	24068320	2	2	1	2	0	12
2	24271942	24275712	2	2	1	1	0	14
2	24828162	24830708	2	2	1	1	0	3
2	26244991	26254246	1	1	1	1	0	15
2	26254319	26254429	1	1	1	1	0	7
2	26279316	26279993	1	1	1	1	0	10
2	26280116	26282844	1	1	1	1	0	10
2	26282925	26283003	1	1	1	1	0	16
2	27034267	27035134	1	1	1	1	0	15
2	28244863	28298337	1	1	1	1	0	15
2	28776983	28778808	1	1	1	1	0	18
2	32453955	32463193	1	1	1	1	0	16
2	32476345	32477367	1	1	1	1	0	3
2	32525629	32529650	1	1	1	1	0	19
2	32529825	32531354	1	1	1	1	0	10
2	33360780	33361428	1	1	1	1	0	8
2	37141702	37146852	2	2	1	1	0	19
2	37202866	37202949	2	2	1	1	0	22
2	38583927	38585643	2	2	1	1	0	20
2	38819145	38822992	2	2	1	1	0	12
2	38823270	38825846	2	2	1	1	0	5
2	39051288	39056701	2	2	0	1	0	21
2	39288281	39290291	2	2	1	1	0	19
2	40139677	40160764	2	2	1	1	0	20
2	40164985	40174824	2	2	1	1	0	6
2	42261295	42263177	1	1	1	1	0	7
2	43912559	43918024	2	4	1	1	0	7
2	43948200	43948411	2	2	1	1	0	14
2	43948519	43949601	2	2	1	1	0	14
2	44169275	44201185	1	1	1	1	0	11
2	45389600	45392944	2	2	1	1	0	23
2	45418542	45419787	2	2	1	1	0	18
2	46617299	46618772	1	1	1	1	0	22
2	46623868	46624162	1	1	1	1	0	18
2	47161859	47162285	2	2	1	3	0	15
2	47170765	47176440	2	2	1	1	0	13
2	47375300	47377013	1	1	1	1	0	13
2	47379970	47385165	1	1	1	1	0	8
2	47408556	47410093	1	1	1	1	0	6
2	47810427	47813233	2	2	1	1	0	17
2	53794450	53795932	1	1	1	1	0	21
2	53799082	53801396	1	3	1	1	0	14
2	54621513	54622299	1	1	1	1	0	16
2	54626235	54628096	1	1	1	1	0	12
2	54629804	54629891	1	1	1	1	0	7
2	54631612	54632565	1	1	1	1	0	9
2	54645454	54645927	1	1	1	1	0	3
2	54646018	54646193	1	1	1	1	0	16
2	54664692	54665914	1	1	1	1	0	10
2	55232873	55233362	1	1	1	1	0	12
2	55233418	55234118	1	3	1	2	0	15
2	55234205	55234830	1	1	1	1	0	18
2	55568364	55573618	2	2	1	1	0	9
2	55667959	55671318	2	2	1	1	0	14
2	61502041	61502248	2	2	1	1	0	11
2	61869554	61872081	2	2	1	1	0	19
2	61872589	61873001	2	2	1	1	0	20
2	61873113	61873196	2	2	1	1	0	19
2	63912662	63913222	2	2	1	1	0	22
2	63942562	63944599	2	2	1	1	0	18
2	65089071	65090982	2	2	1	1	0	7
2	65098067	65104733	2	2	1	1	0	23
2	68158530	68161682	1	1	1	1	0	19
2	69820822	69825455	1	1	1	1	0	21
2	69896549	69897376	1	1	1	1	0	14
2	73893052	73901275	1	1	1	1	0	18
2	73901438	73902359	1	1	1	2	0	20
2	73902489	73908672	1	1	1	3	0	20
2	73913647	73914679	1	1	1	2	0	17
2	73914872	73916583	1	1	1	4	0	22
2	73916766	73919431	1	1	1	4	0	11
2	74369492	74369964	2	2	1	1	0	21
2	74873944	74874265	1	1	1	1	0	16
2	84905719	84906002	1	1	1	2	0	17
2	84906118	84906388	1	1	1	2	0	11
2	85553071	85553231	2	2	1	1	0	5
2	86028050	86028593	2	2	1	1	0	23
2	88123105	88124493	2	2	1	5	0	11
2	88124587	88126175	2	2	1	5	0	24
2	88126349	88127950	2	2	1	4	0	6
2	89040520	89040643	2	2	1	1	0	6
2	95108409	95109915	2	2	1	1	0	22
2	95853862	95855265	2	2	1	1	0	14
2	95954006	95956785	2	2	1	1	0	19
2	95958664	95958756	2	2	1	1	0	20
2	96192469	96193077	2	2	1	1	0	9
2	96267470	96267624	1	1	1	1	0	7
2	96289997	96290325	2	2	1	1	0	17
2	96604381	96604778	2	2	1	1	0	18
2	98616347	98616431	1	1	1	1	0	17
2	98663180	98675034	2	2	1	1	0	16
2	99171430	99171509	2	2	1	1	0	5
2	99188258	99194750	1	1	1	1	0	17
2	100569022	100569577	1	1	1	1	0	19
2	102009827	102015870	1	1	1	1	0	13
2	106094158	106096717	2	2	1	1	0	7
2	108483167	108484148	1	1	1	1	0	8
2	113199227	113201157	1	1	1	1	0	4
2	113597639	113598397	1	1	1	0	1	18
2	113598467	113598606	1	1	1	0	1	15
2	113723195	113725377	2	2	1	1	0	21
2	113940103	113942185	1	1	1	1	0	20
2	119370803	119372244	1	1	1	1	0	18
2	119956935	119957015	1	1	1	1	0	14
2	120078582	120087170	1	1	1	1	0	9
2	120087241	120090346	1	1	1	1	0	12
2	130153172	130153318	2	2	1	1	0	11
2	135093694	135113150	1	1	1	1	0	6
2	135113271	135115215	1	1	1	1	0	6
2	135126657	135129994	1	1	1	1	0	4
2	135916373	135920452	2	2	1	1	0	19
2	138604560	138617251	1	1	1	0	1	3
2	143957340	143968095	2	2	0	1	0	15
2	143968202	143970652	2	2	0	1	0	15
2	152659357	152662602	2	2	1	1	0	20
2	158669916	158673676	1	3	1	1	0	5
2	159347647	159348677	2	2	1	1	0	18
2	161308605	161316436	1	1	1	1	0	5
2	170029449	170040881	1	1	1	1	0	15
2	170993957	170996652	2	2	1	1	0	13
2	172480052	172484781	1	1	1	1	0	9
2	174075528	174078967	2	2	1	1	0	8
2	174461493	174461587	2	2	1	1	0	10
2	174470556	174472964	2	2	1	1	0	5
2	175179251	175180097	2	2	1	1	0	3
2	175181467	175181655	2	2	1	1	0	20
2	177216189	177216502	1	1	1	1	0	14
2	178121360	178123521	1	1	1	1	0	7
2	179115257	179116667	2	2	1	1	0	20
2	179116791	179117531	2	2	1	1	0	16
2	182728659	182728862	1	1	1	1	0	20
2	183002270	183002973	2	2	1	1	0	3
2	186640968	186641385	1	1	1	1	0	3
2	186641589	186646685	1	1	1	1	0	22
2	188984963	188985196	1	1	1	1	0	15
2	188987140	188988080	1	1	1	1	0	4
2	188996179	188996397	1	1	1	1	0	10
2	189003063	189003410	1	1	1	1	0	9
2	189006453	189006936	1	1	1	1	0	22
2	189006991	189007499	1	1	1	1	0	22
2	189034217	189034915	2	2	1	1	0	13
2	189468570	189469343	1	1	1	1	0	11
2	189469440	189470075	1	1	1	1	0	24
2	190902027	190905003	1	1	1	1	0	5
2	190921057	190921144	1	1	1	1	0	23
2	190921204	190923916	1	1	1	1	0	4
2	190985661	190986853	2	2	1	1	0	6
2	190991321	190995060	2	2	1	1	0	12
2	196137730	196139619	2	2	1	1	0	20
2	197025268	197078702	2	2	1	1	0	18
2	197398117	197398460	2	2	1	1	0	21
2	197400167	197400251	2	2	1	1	0	8
2	197489248	197490196	2	2	1	1	0	15
2	197493493	197494156	2	2	1	1	0	8
2	197494251	197494656	2	4	1	1	0	12
2	197495377	197497139	2	2	1	1	0	4
2	200459828	200467289	1	1	1	1	0	16
2	200467400	200469913	1	1	1	1	0	21
2	200815762	200816324	1	1	1	1	0	19
2	200818394	200818754	1	1	1	1	0	21
2	200818902	200819981	1	1	1	1	0	20
2	200820121	200821182	1	1	1	1	0	12
2	201072362	201078880	1	1	1	1	0	10
2	201079023	201085458	1	1	1	1	0	13
2	201274954	201276826	1	1	1	1	0	21
2	202214435	202220031	2	2	1	0	1	13
2	202284482	202287659	1	1	1	1	0	11
2	202884536	202892616	2	2	1	1	0	15
2	202894627	202896064	2	2	1	1	0	16
2	203136775	203138161	1	1	1	1	0	21
2	203292327	203296473	1	1	1	1	0	13
2	205185864	205193204	1	1	1	1	0	20
2	206147662	206147752	2	2	1	0	1	3
2	206147835	206149019	2	2	1	0	1	3
2	206149097	206149817	2	2	1	1	0	19
2	208245425	208248368	2	2	1	1	0	4
2	208248661	208251429	2	2	1	1	0	15
2	215364986	215365504	2	2	1	1	0	24
2	215376675	215378174	2	2	1	1	0	23
2	216132388	216137087	1	1	1	1	0	6
2	216190335	216192638	1	1	1	1	0	10
2	216498878	216499269	1	1	1	3	0	19
2	216499399	216499948	1	1	1	1	0	6
2	216500032	216501340	1	1	1	3	0	21
2	216676883	216678111	2	2	1	1	0	9
2	217804604	217808074	2	2	1	1	0	17
2	217809992	217810247	2	2	1	1	0	11
2	217900513	217906334	2	2	1	1	0	17
2	218277100	218277365	2	2	1	1	0	11
2	218279354	218280025	2	2	1	1	0	14
2	218632313	218633604	1	1	1	1	0	12
2	218740168	218740520	1	1	1	1	0	11
2	218746232	218747002	1	1	1	1	0	16
2	218814758	218814910	1	1	1	1	0	7
2	219386412	219386664	2	2	1	1	0	3
2	219419041	219420094	1	1	1	1	0	23
2	219420156	219420250	1	1	1	1	0	3
2	219420347	219420494	1	1	1	3	0	17
2	219420657	219420827	1	1	1	3	0	12
2	219420954	219421339	1	1	1	1	0	10
2	219423821	219425662	1	1	1	1	0	22
2	219425746	219425948	1	1	1	2	0	18
2	219498939	219499955	1	1	1	1	0	22
2	219505363	219505457	1	1	1	1	0	10
2	227472589	227491546	1	1	1	1	0	22
2	227523926	227524761	1	1	1	1	0	13
2	229792227	229792972	2	2	1	1	0	16
2	229795331	229796590	2	2	1	1	0	6
2	229808370	229810879	2	2	1	2	0	10
2	229811205	229813869	2	2	1	1	0	19
2	230494461	230498460	1	1	1	1	0	16
2	230817898	230818515	1	1	1	1	0	9
2	230865146	230873416	1	1	1	1	0	3
2	230873558	230875619	1	1	1	1	0	3
2	231085115	231087116	1	1	1	1	0	10
2	231138851	231146239	1	1	1	1	0	21
2	231161510	231163634	1	1	1	1	0	21
2	231163728	231165199	1	1	1	1	0	9
2	231458390	231459000	2	2	1	1	0	9
2	231711984	231712442	1	1	1	1	1	13
2	231711988	231712447	1	1	0	0	1	17
2	237358584	237359034	2	2	1	1	0	6
2	237361832	237363252	2	2	1	1	0	12
2	241343094	241343751	1	1	1	1	0	19
2	241343898	241346165	1	1	1	1	0	11
2	241350204	241351966	1	1	1	1	0	13
2	241666839	241668142	1	1	1	1	0	9
20	1310496	1310799	2	2	1	1	0	11
20	2861900	2862053	1	1	1	1	0	12
20	5567561	5570146	2	2	1	1	0	10
20	10647104	10647959	2	2	1	1	0	20
20	13718985	13728377	2	2	1	1	0	10
20	16374410	16378804	2	2	1	1	0	14
20	17616840	17618595	2	2	1	1	0	23
20	17942408	17943109	2	2	1	1	0	24
20	17955476	17956932	2	2	1	1	0	24
20	18526532	18527495	1	1	1	1	0	11
20	20045487	20047764	2	6	1	1	0	9
20	20531796	20535744	2	2	1	1	0	12
20	20535804	20536655	2	2	1	1	0	21
20	20680802	20712374	2	2	1	1	0	11
20	23381318	23389945	2	2	1	1	0	19
20	25214943	25215675	1	1	1	1	0	6
20	31559648	31561633	1	1	1	1	0	5
20	31561737	31566209	1	1	1	1	0	8
20	32833863	32836633	1	1	1	1	0	6
20	34457475	34462092	1	1	1	1	0	13
20	34479790	34480598	1	1	1	1	0	16
20	35044713	35049865	2	2	1	1	0	13
20	35500170	35501844	1	1	1	1	0	11
20	36198042	36212271	1	1	1	1	0	21
20	36541562	36544858	1	1	1	1	0	11
20	36941112	36946737	2	2	1	1	0	10
20	38525519	38525894	1	1	1	1	0	23
20	41357189	41357360	1	1	1	1	0	6
20	41357448	41357881	1	1	1	1	0	8
20	44501301	44503814	2	2	1	1	0	9
20	44503996	44504800	2	2	1	1	0	3
20	47502020	47583182	1	1	1	1	0	18
20	48989437	48989555	1	1	1	1	0	3
20	48995883	48998192	1	1	1	1	0	14
20	49063345	49066191	1	1	1	1	0	13
20	49068823	49070204	1	1	1	1	0	12
20	49072698	49074784	1	1	1	1	0	13
20	49117249	49117776	2	2	1	1	0	12
20	49219542	49221451	1	1	1	1	0	17
20	49223017	49223267	1	1	1	1	0	12
20	49239339	49241892	1	1	1	1	0	8
20	50579330	50579702	1	1	1	1	0	7
20	50945924	50948628	2	2	1	1	0	4
20	51689140	51690738	2	2	1	1	0	12
20	53944997	53953431	2	2	1	1	0	3
20	54058155	54058646	2	2	1	1	0	14
20	57373582	57373662	1	1	1	1	0	4
20	57393334	57407542	1	1	1	1	0	23
20	57613331	57614886	2	2	1	1	0	16
20	58909580	58909683	1	1	1	1	0	6
20	58910082	58910333	1	1	1	1	0	11
20	62256222	62259980	1	1	1	1	0	16
20	62304578	62306196	1	1	1	1	0	16
20	62387915	62388308	1	1	1	1	0	16
20	62388365	62388456	1	1	1	1	0	4
20	63275641	63276090	1	1	1	1	0	9
20	63276201	63276479	1	1	1	1	0	23
21	7769376	7771566	1	1	1	0	1	3
21	8219057	8238827	1	1	0	0	1	13
21	8402096	8421851	1	1	0	0	1	13
21	14374285	14375651	2	2	1	1	0	21
21	15824167	15824965	1	1	1	1	0	20
21	25891869	25897572	2	2	1	1	0	11
21	29061418	29061495	2	2	1	1	0	5
21	29062557	29063351	2	2	1	1	0	11
21	31663887	31666448	1	1	1	1	0	10
21	31667376	31668470	1	1	1	1	0	12
21	32745719	32748498	2	2	1	1	0	6
21	34399900	34402090	1	1	1	0	1	3
21	36071058	36072445	1	1	1	1	0	15
21	36289207	36292103	1	1	1	1	0	12
21	36333719	36336873	1	1	1	1	0	7
21	39345275	39348291	2	2	1	0	1	17
21	41473497	41476576	2	2	1	2	0	13
21	41489594	41494355	2	2	1	1	0	14
21	44324918	44325152	1	1	1	1	0	7
21	44851628	44855209	2	2	1	1	0	4
21	44855257	44856192	2	2	1	1	0	7
21	45991042	45992009	1	1	1	1	0	22
21	45992218	45992362	1	1	1	1	0	13
21	46003150	46003390	1	1	1	1	0	10
21	46117937	46118613	1	1	1	1	0	19
21	46118677	46119029	1	1	1	1	0	22
22	19433349	19434735	1	1	1	1	0	19
22	19456919	19458070	2	2	1	1	0	22
22	22712465	22712898	1	1	1	0	1	20
22	22893819	22900975	1	1	0	0	1	22
22	22893819	22906341	1	1	0	0	1	22
22	22899656	22900975	1	1	0	1	0	22
22	23971624	23973767	2	2	1	1	0	22
22	29655677	29658188	1	1	1	1	0	8
22	30337898	30338788	2	2	1	1	0	20
22	30353073	30356729	2	2	1	1	0	5
22	31901803	31905983	1	1	1	1	0	17
22	32398101	32399602	2	2	1	1	0	19
22	36285330	36285657	2	2	1	1	0	7
22	36288414	36288726	2	2	1	1	0	8
22	36295077	36295504	2	2	1	1	0	11
22	36295718	36296842	2	2	1	1	0	7
22	36511787	36512459	2	2	1	1	0	14
22	37677066	37678482	1	1	1	1	0	5
22	37886846	37888425	1	1	1	1	0	18
22	38492116	38493709	2	2	1	1	0	6
22	38494132	38494629	2	2	1	2	0	20
22	38495047	38495795	2	2	1	1	0	3
22	38682997	38683766	1	1	1	1	0	10
22	38739427	38739721	2	2	1	1	0	8
22	38741572	38742300	2	2	1	1	0	6
22	39313730	39314106	2	2	1	1	0	23
22	39317630	39318399	2	2	1	2	0	17
22	39318593	39319594	2	2	1	2	0	15
22	40363072	40364275	1	1	1	1	0	15
22	40827230	40829625	2	2	1	0	1	21
22	40829675	40830839	2	2	1	1	1	22
22	40953634	40964046	1	1	1	1	0	10
22	40967885	40972475	1	1	1	2	0	21
22	41169617	41170405	1	1	1	1	0	4
22	41170572	41172498	1	1	1	1	0	20
22	41173785	41176246	1	1	1	1	0	19
22	41528023	41528478	1	1	1	1	0	16
22	41658353	41661330	1	1	1	1	0	12
22	42082066	42083118	1	1	1	1	0	21
22	42579200	42580216	2	2	0	1	0	20
22	42580360	42581928	2	2	1	1	0	11
22	50210312	50210630	1	1	1	1	0	11
22	50280671	50280743	2	2	1	1	0	7
22	50281190	50281359	2	2	1	1	0	17
22	50394136	50406688	1	1	1	1	0	11
3	4362009	4376352	2	2	0	1	0	15
3	4658279	4660987	1	1	1	1	0	4
3	5210249	5211119	1	1	1	1	0	19
3	8941805	8947219	2	2	1	1	0	16
3	11829865	11839221	2	2	1	1	0	24
3	12836224	12839348	2	2	1	1	0	21
3	12840243	12841493	2	2	1	1	0	23
3	14178882	14181559	1	1	1	1	0	10
3	16301869	16302639	1	1	1	1	0	6
3	23811511	23887566	1	1	1	1	0	12
3	23917174	23917849	1	1	1	0	1	3
3	23917240	23917849	1	1	1	0	1	3
3	23918032	23918439	1	1	1	0	1	11
3	25609713	25612514	2	2	1	1	0	4
3	31629412	31632934	1	1	1	1	0	20
3	31633148	31635983	1	1	1	1	0	23
3	33053550	33058088	2	2	1	1	0	15
3	33068291	33068819	2	2	1	1	0	7
3	33120494	33124407	1	1	1	1	0	21
3	33392615	33393311	2	2	1	1	0	6
3	33812127	33813558	1	1	1	1	0	20
3	37174606	37176368	2	2	1	1	0	20
3	37243623	37251394	1	1	1	1	0	14
3	37251485	37273535	1	1	1	1	0	17
3	37732799	37736903	1	1	1	1	0	12
3	38002576	38003167	1	1	1	1	0	15
3	39084263	39084644	1	1	1	1	0	19
3	39392022	39394409	1	1	1	1	0	18
3	39407787	39408605	1	1	1	3	0	23
3	39408725	39410753	1	1	1	0	2	15
3	39411000	39411648	1	1	1	1	0	13
3	40461662	40461938	1	1	1	1	0	7
3	41233445	41233528	1	1	1	1	0	14
3	41233868	41234138	1	1	1	1	0	19
3	45955394	45958407	2	2	1	1	0	10
3	47636137	47638724	2	2	1	1	0	18
3	47803213	47805325	1	1	1	1	0	19
3	48599711	48600062	2	2	1	1	0	18
3	48601468	48603563	2	2	1	1	0	14
3	49002597	49004097	1	1	1	1	0	6
3	49025041	49025125	2	2	1	1	0	5
3	49691248	49691424	1	1	1	1	0	11
3	49808113	49808385	2	2	1	1	0	21
3	51987454	51987555	1	1	1	1	0	21
3	51987625	51988523	1	1	1	1	0	12
3	51994127	51995041	2	2	1	1	0	5
3	52267019	52270711	2	2	1	1	0	5
3	52501754	52502005	1	1	1	1	0	15
3	52503110	52503343	1	1	1	1	0	19
3	52629036	52634601	2	2	1	1	0	20
3	52644790	52648343	2	2	1	1	0	14
3	52840611	52842810	2	2	1	1	0	5
3	57862087	57864547	1	1	1	1	0	9
3	57864717	57864806	1	1	1	1	0	15
3	57913276	57916905	1	1	1	1	0	8
3	58118990	58121240	1	1	1	1	0	18
3	58143614	58145920	1	1	1	1	0	13
3	58156076	58159553	1	1	1	1	0	19
3	67400852	67495797	2	2	1	1	0	20
3	67495941	67498133	2	2	1	1	0	5
3	67498296	67508806	2	2	1	0	1	8
3	67508904	67518246	2	2	1	0	1	12
3	67528223	67529086	2	2	1	1	0	21
3	69039010	69039550	2	2	1	1	0	21
3	71299881	71359149	2	2	1	1	0	13
3	71772829	71774444	2	2	1	1	0	22
3	83231575	83273101	1	1	0	1	0	14
3	87240791	87245713	1	1	1	1	0	13
3	87245909	87249874	1	1	1	1	0	4
3	98785041	98788035	1	1	1	1	0	7
3	100386345	100386804	2	2	1	1	0	4
3	100386979	100400625	2	2	1	1	0	19
3	100713870	100719974	1	1	1	1	0	13
3	105571965	105574476	1	1	1	1	0	10
3	111112372	111118655	1	1	1	1	0	18
3	111122239	111126183	1	1	1	1	0	21
3	111126336	111133634	1	1	1	1	0	20
3	112538181	112541802	2	2	1	1	0	9
3	112550263	112553279	2	2	1	1	0	9
3	112630270	112638027	2	2	1	2	0	14
3	113721938	113722905	2	2	1	1	0	22
3	113723542	113723958	2	2	1	1	0	20
3	120411984	120415922	2	2	1	1	0	9
3	122001455	122001744	2	2	1	1	0	6
3	122402883	122404257	1	1	1	1	0	18
3	122404364	122407280	1	1	1	1	0	8
3	122407390	122409738	1	1	1	2	0	18
3	122570025	122570454	1	1	1	1	0	12
3	122692544	122695425	1	1	1	1	0	15
3	122713574	122713871	1	1	1	1	0	5
3	123640505	123647223	2	2	1	1	0	23
3	123647428	123648970	2	2	1	1	0	9
3	123649195	123657125	2	2	1	1	0	15
3	124908349	124910414	2	2	1	1	0	9
3	124920290	124922196	2	2	1	1	0	17
3	128806591	128807542	1	1	1	1	0	22
3	128899462	128901275	1	1	1	1	0	6
3	130967241	130967329	1	1	1	1	0	6
3	132356856	132367703	1	1	1	1	0	23
3	132523714	132525609	1	1	1	1	0	13
3	136082422	136087882	1	1	1	1	0	11
3	138084254	138086960	2	2	1	1	0	9
3	139368289	139369260	2	2	1	2	0	22
3	142671123	142676156	1	1	1	1	0	16
3	142694548	142697952	1	1	1	1	0	3
3	142704002	142704462	1	1	1	2	0	17
3	142704587	142711500	1	1	1	1	0	15
3	142748461	142777631	1	1	1	1	0	6
3	149039694	149040030	2	2	1	1	0	9
3	150603500	150622384	1	1	1	1	0	11
3	156549004	156553654	2	2	1	1	0	10
3	157159480	157159791	2	2	1	1	0	6
3	158588925	158592433	1	1	1	1	0	15
3	158665475	158666303	1	1	1	1	0	4
3	160521911	160525799	2	2	1	1	0	9
3	161242654	161246335	1	1	1	1	0	16
3	168025096	168027727	2	2	1	1	0	3
3	168036995	168040785	2	2	1	1	0	23
3	170038216	170038914	1	1	1	1	0	21
3	170297394	170298994	1	1	1	1	0	19
3	177033137	177034197	2	2	1	2	0	12
3	183717749	183718499	1	1	1	1	0	13
3	183833826	183840569	2	2	1	1	0	20
3	183971920	183977516	2	2	1	1	0	21
3	183977625	183978502	2	2	1	1	0	17
3	184180252	184180644	1	1	1	1	0	6
3	184180651	184180848	1	1	1	1	0	6
3	184322731	184322820	1	1	1	1	0	17
3	184323242	184323404	1	1	1	1	0	18
3	184328991	184331265	1	1	1	1	0	16
3	186572252	186575839	1	1	1	1	0	19
3	186787265	186787494	1	1	1	1	0	19
3	186787883	186789124	1	1	1	1	0	11
3	195769153	195770215	2	2	1	1	0	3
3	195965578	195967513	2	2	1	1	0	16
3	196075361	196077063	2	2	1	1	0	17
3	197194590	197282678	2	2	1	1	0	12
3	197950979	197951158	1	1	1	1	0	12
3	197954148	197955749	1	1	1	2	0	24
3	197980505	197983942	1	1	1	1	0	7
3	197984049	197985795	1	1	1	1	0	18
4	1001564	1001678	1	1	1	1	0	14
4	1312162	1315396	1	1	1	1	0	24
4	2696594	2699679	1	3	1	1	0	21
4	2844025	2875895	1	1	1	1	0	19
4	2882061	2884514	1	1	1	1	0	12
4	2884667	2894012	1	1	1	1	0	16
4	3428712	3430406	1	1	1	1	0	13
4	6610991	6611085	1	1	1	1	0	3
4	8381608	8389172	2	2	1	1	0	20
4	10079002	10081356	2	2	1	1	0	22
4	10084531	10087706	2	2	1	1	0	6
4	10087941	10088292	2	2	1	1	0	20
4	10088374	10088663	2	2	1	2	0	24
4	15778648	15816510	1	1	1	1	0	20
4	15985829	15985956	2	2	1	1	0	17
4	15987717	15989731	2	2	1	2	0	21
4	15989825	15991221	2	2	1	1	0	12
4	15992392	15993986	2	2	1	1	0	22
4	17621700	17623600	1	1	1	1	0	13
4	20749733	20758820	2	2	1	1	0	17
4	20758891	20850542	2	2	1	1	0	8
4	22435467	22436439	2	2	1	1	0	7
4	23814606	23824279	2	2	1	1	0	14
4	25156196	25156855	2	2	1	1	0	13
4	26428861	26429897	1	1	1	1	0	11
4	39454945	39457596	2	2	1	0	1	4
4	39458441	39458890	2	2	1	2	0	7
4	39500254	39503874	2	2	1	1	0	12
4	39509908	39510352	2	2	1	1	0	17
4	41935530	41938601	1	1	1	1	0	14
4	42543987	42549012	2	2	1	1	0	8
4	42551281	42552504	2	2	1	1	0	5
4	48534686	48535656	2	2	1	1	0	13
4	48586729	48589744	2	2	1	1	0	20
4	48596001	48602019	2	2	1	1	0	14
4	48602122	48603289	2	2	1	1	0	21
4	48603389	48605740	2	2	1	1	0	16
4	48619371	48620638	2	2	1	1	0	9
4	48833482	48842635	1	1	1	1	0	3
4	52029864	52038226	2	2	0	1	0	19
4	54258818	54261094	1	1	1	1	0	23
4	54261413	54263666	1	1	1	1	0	6
4	54287542	54288798	1	1	1	1	0	5
4	56478504	56478591	1	1	1	2	0	14
4	56483271	56484735	1	1	1	1	0	21
4	57040934	57109876	2	2	1	1	0	9
4	68565721	68567760	2	2	1	0	1	21
4	68668189	68669894	2	2	1	0	1	21
4	70657292	70662091	2	2	1	1	0	3
4	70662216	70666426	2	2	1	2	0	16
4	70820862	70824293	2	2	1	1	0	11
4	75648742	75655065	2	2	1	1	0	15
4	75655871	75656923	2	2	1	1	0	11
4	75809052	75810431	1	1	1	1	0	23
4	75810540	75812159	1	1	1	2	0	19
4	76174314	76175790	2	2	1	1	0	5
4	82358821	82359470	2	2	1	1	0	16
4	82867317	82870324	2	2	1	1	0	13
4	83588300	83590198	1	1	1	1	0	8
4	83598724	83604667	1	1	1	1	0	14
4	87374831	87382254	2	2	1	1	0	19
4	87382363	87390860	2	2	1	2	0	16
4	87482561	87490272	2	2	1	1	0	12
4	87499586	87529044	2	2	1	2	0	24
4	88065880	88067897	1	1	1	1	0	8
4	99072442	99072572	2	2	1	1	0	19
4	99075050	99076291	2	2	1	1	0	21
4	99085217	99088688	2	2	1	1	0	10
4	99159623	99204356	1	1	0	1	0	13
4	99316303	99318045	2	2	1	0	1	20
4	99318185	99318784	2	2	1	1	0	6
4	99339716	99340574	2	2	1	1	0	18
4	99345082	99345178	2	2	1	1	0	7
4	99345267	99347005	2	2	1	0	1	20
4	99903899	99905596	2	2	1	1	0	15
4	101032365	101040481	2	2	1	1	0	20
4	101061162	101063231	2	2	1	1	0	7
4	102579040	102580534	1	1	1	1	0	7
4	105369754	105370836	2	2	1	2	0	19
4	106233651	106235268	2	2	1	1	0	24
4	108620601	108621950	1	1	1	2	0	8
4	108622205	108622514	1	1	1	2	0	20
4	108622619	108625127	1	1	1	3	0	20
4	109525505	109526225	1	1	1	1	0	22
4	113374947	113381456	1	1	1	1	0	17
4	113465605	113500462	2	2	1	1	0	12
4	113509676	113513327	2	2	1	1	0	8
4	118697324	118700549	1	1	1	1	0	19
4	119319092	119319535	2	2	1	1	0	17
4	121670013	121671546	2	2	1	1	0	18
4	121818914	121819371	2	2	1	1	0	6
4	121819580	121820541	2	2	1	1	0	6
4	122243069	122243853	1	1	1	1	0	7
4	140379193	140379568	1	1	1	1	0	5
4	145109250	145110102	1	1	1	1	0	8
4	145150906	145152540	2	2	1	1	0	15
4	145155476	145155568	2	2	1	1	0	6
4	150436865	150467672	2	2	1	1	0	19
4	151099715	151100484	1	1	1	0	1	10
4	151101163	151102870	1	1	1	0	1	13
4	151104287	151104471	1	1	1	1	0	14
4	153270520	153275942	1	1	1	1	0	18
4	156811018	156850220	2	2	1	1	0	22
4	159331539	159331629	1	1	1	1	0	4
4	159350290	159352684	1	1	1	1	0	6
4	168287204	168288173	2	2	1	1	0	7
4	168924421	168924944	1	1	1	1	0	3
4	169689231	169690529	1	1	1	1	0	21
4	173314177	173317633	1	1	1	1	0	22
4	176327278	176328197	1	1	1	1	0	5
4	183248861	183249919	1	1	1	1	0	21
4	185627020	185630548	2	2	1	1	0	7
4	185630599	185635354	2	2	1	1	0	8
4	185646072	185646667	2	2	1	1	0	7
4	186636236	186636584	2	2	1	1	0	23
5	6618025	6620105	2	2	1	1	0	12
5	10402140	10402383	1	1	1	1	0	18
5	10405678	10407101	1	1	1	1	0	13
5	14330901	14336535	1	1	1	1	0	18
5	14358348	14359356	1	1	1	1	0	4
5	14390991	14394037	1	1	1	1	0	20
5	14492815	14496878	1	1	1	1	0	16
5	31472233	31483553	2	2	1	1	0	24
5	32388675	32390274	2	2	1	1	0	17
5	32390438	32395158	2	2	1	1	0	16
5	32591686	32598960	1	1	1	1	0	15
5	37017163	37019310	1	1	1	1	0	22
5	37019401	37020458	1	1	1	1	0	11
5	37348597	37349171	2	2	1	1	0	14
5	37351357	37352736	2	2	1	1	0	5
5	38511965	38523418	2	2	1	1	0	15
5	40764641	40764751	2	2	1	1	0	16
5	40832574	40834180	2	2	1	1	0	11
5	40834266	40834470	2	2	1	1	0	11
5	40834607	40835182	2	2	1	1	0	12
5	40937691	40945197	1	1	1	1	0	18
5	43651885	43653017	1	1	1	1	0	15
5	52937515	52939589	1	1	1	1	0	13
5	53060013	53060900	1	1	1	1	0	11
5	53560761	53603451	1	1	1	1	0	11
5	53603531	53646232	1	1	1	1	0	3
5	55441909	55467868	2	2	1	1	0	17
5	55711500	55712216	2	2	1	1	0	15
5	55964313	55968275	2	2	1	1	0	4
5	55969856	55976214	2	2	1	1	0	15
5	55982812	55994783	2	2	1	1	0	6
5	56928862	56930663	2	2	1	1	0	14
5	56933399	56935427	2	2	1	1	0	15
5	65518634	65521474	2	2	1	1	0	10
5	65994865	66012048	1	1	1	1	0	18
5	66024451	66025479	1	1	1	1	0	13
5	69208360	69209706	1	1	1	1	0	14
5	72855924	72861807	1	1	1	1	0	17
5	72883233	72887069	1	1	1	1	0	6
5	73054172	73054524	1	1	1	1	0	12
5	73054550	73056064	1	1	1	1	0	10
5	73056108	73058432	1	1	1	1	1	9
5	73502602	73502915	1	3	1	1	0	18
5	73504404	73505191	1	1	1	1	0	23
5	74758947	74759368	2	2	1	1	0	21
5	74769119	74769213	1	1	1	1	0	21
5	75354698	75355055	1	1	1	1	0	21
5	80633993	80637882	2	2	1	0	1	12
5	81420534	81428584	2	2	1	1	0	9
5	82277853	82278319	2	2	1	1	0	10
5	83472024	83483512	1	1	1	1	0	12
5	87331501	87332506	1	1	1	1	0	16
5	91371457	91373683	2	2	1	1	0	14
5	96727531	96729152	1	1	1	1	0	9
5	96729210	96729611	1	1	1	1	0	19
5	96729726	96730779	1	1	1	1	0	20
5	96737948	96740037	1	1	1	1	0	9
5	96765326	96766052	1	1	1	1	0	20
5	96767483	96767906	1	1	1	1	0	24
5	103019844	103025133	1	1	1	1	0	11
5	109356027	109362839	2	2	1	1	0	19
5	112780904	112792445	1	1	1	1	0	16
5	113584480	113591040	1	1	1	1	0	5
5	115866762	115870016	1	1	1	1	0	19
5	119116337	119118814	1	1	1	1	0	23
5	128147730	128148753	1	1	1	1	0	19
5	128184502	128184788	1	1	1	1	0	17
5	131162677	131165094	2	2	1	1	0	23
5	131677873	131679028	2	2	1	1	0	15
5	131699003	131704064	2	2	1	1	0	22
5	132559368	132575776	1	1	1	1	0	23
5	132866692	132866868	1	1	1	1	0	17
5	133092790	133096097	1	1	1	1	0	22
5	135346058	135352945	2	2	1	1	0	14
5	135574686	135578433	2	2	1	2	0	20
5	135578540	135578714	2	2	1	1	0	18
5	137954377	137956476	2	2	1	1	0	5
5	138566719	138567000	2	2	1	1	0	7
5	138783373	138810037	1	1	1	1	0	23
5	138925408	138929245	1	1	1	1	0	8
5	140175286	140194445	1	1	1	1	0	6
5	140300583	140303040	2	2	1	1	0	10
5	140651807	140652087	1	1	1	1	0	12
5	140652148	140652976	1	1	1	1	0	12
5	140654728	140655828	1	1	1	1	0	6
5	140669249	140669332	1	1	1	1	0	15
5	140697686	140697931	1	1	1	1	0	22
5	141584226	141587041	2	2	1	1	0	7
5	142137859	142140562	1	1	1	1	0	20
5	142144677	142151730	1	1	1	1	0	16
5	146267769	146269206	1	1	1	1	0	6
5	146507208	146507872	1	1	1	1	0	7
5	149520389	149525044	2	2	1	1	0	22
5	150080337	150080766	2	2	1	1	0	23
5	150445686	150446801	2	2	1	1	0	7
5	151033800	151035001	2	2	1	1	0	19
5	151109847	151110626	2	2	1	1	0	11
5	151138792	151139352	2	2	1	1	0	14
5	151140244	151147883	2	2	1	1	0	5
5	156327233	156329533	1	1	1	1	0	18
5	160043170	160049513	1	1	1	1	0	17
5	160412520	160413455	2	2	1	1	0	22
5	168684097	168685686	2	2	1	1	0	5
5	171392979	171400152	1	1	1	1	0	23
5	171400211	171400838	1	1	1	0	1	22
5	171400926	171405301	1	1	1	1	0	10
5	173951939	173953090	1	1	1	1	0	19
5	173953273	173955909	1	1	1	1	0	23
5	176397719	176397929	2	2	1	1	0	21
5	176398048	176406156	2	2	1	1	0	14
5	176410304	176416176	2	2	1	1	0	11
5	177483731	177483866	2	2	1	1	0	17
5	177512207	177512321	2	2	1	1	0	5
5	179607660	179609375	1	1	1	1	0	7
5	179618061	179618144	2	2	1	1	0	3
5	179706332	179707131	1	1	1	2	0	15
5	179707191	179708238	1	1	1	1	0	17
5	179723020	179723659	1	1	1	1	0	19
5	179799637	179799953	2	2	1	1	0	7
5	179833247	179833586	1	3	1	1	0	17
5	179833783	179836435	1	3	1	1	0	6
5	180264840	180269279	2	2	1	1	0	20
5	180287068	180291847	2	2	1	1	0	12
5	181242346	181243691	2	2	1	1	0	5
6	1624541	1726415	2	2	1	1	0	15
6	2838687	2840418	2	2	1	1	0	14
6	6250930	6266557	2	2	1	1	0	20
6	7555821	7558115	1	1	1	1	0	3
6	18237517	18249650	2	2	1	1	0	14
6	26370604	26373275	1	1	1	1	0	5
6	26373414	26374326	1	1	1	1	0	21
6	30720564	30722536	1	1	1	0	1	4
6	30722215	30722536	1	1	1	0	1	4
6	30723029	30723339	1	1	1	1	0	10
6	30922555	30922705	1	1	1	1	0	22
6	30922775	30922897	1	1	1	1	0	9
6	31269526	31269965	2	2	1	1	0	12
6	31354297	31354478	2	2	1	1	0	20
6	31355593	31356166	2	2	1	2	0	16
6	31762186	31762419	1	1	1	1	0	3
6	31864737	31864815	2	2	1	1	0	10
6	31875029	31875851	2	2	1	1	0	21
6	31953832	31954079	2	2	1	1	0	15
6	31996324	31996428	1	1	1	1	0	5
6	32980465	32980581	1	1	1	1	0	6
6	33069301	33069640	2	2	1	1	0	5
6	33272123	33272627	1	1	1	4	0	21
6	33272727	33275796	1	1	1	1	0	7
6	33276067	33276175	1	1	1	1	0	22
6	33276268	33276390	1	1	1	2	0	19
6	33289921	33290173	1	1	1	1	0	13
6	33432807	33435151	1	1	1	1	0	8
6	33665214	33665834	1	1	1	1	0	6
6	33691110	33691614	1	1	1	1	0	6
6	33780180	33781076	2	2	1	1	0	8
6	34421808	34424668	2	2	1	2	0	14
6	35577234	35580035	2	2	1	1	0	18
6	36138781	36138878	1	1	1	1	0	18
6	36517841	36521733	2	2	1	1	0	9
6	43070866	43071274	1	1	1	1	0	4
6	43174114	43175705	1	1	1	1	0	3
6	44247196	44248629	1	1	1	0	1	15
6	44248777	44249376	1	1	1	1	0	12
6	44249584	44249674	1	1	1	1	0	21
6	44249835	44250020	1	1	1	1	0	7
6	46793468	46793551	1	1	1	1	0	20
6	46825494	46826353	1	1	1	1	0	23
6	47232995	47234669	2	2	1	1	0	11
6	49435624	49440205	2	2	1	1	0	24
6	56509874	56511196	2	2	1	1	0	8
6	56511401	56515449	2	2	1	1	0	18
6	56628162	56629249	2	2	1	1	0	15
6	56639774	56639928	2	2	1	1	0	16
6	57047397	57050773	1	1	1	0	1	7
6	57090895	57099060	1	1	1	0	1	7
6	57930292	57959027	2	2	1	1	0	6
6	70475550	70475662	1	1	1	1	0	18
6	73517935	73518029	2	2	1	3	0	9
6	73518265	73518353	2	2	1	6	0	24
6	73518849	73518931	2	2	1	3	0	19
6	73519229	73519336	2	2	1	6	0	16
6	73519517	73519882	2	2	1	8	0	21
6	73520057	73520999	2	2	1	3	11	23
6	75237989	75240300	2	2	1	1	0	23
6	75240386	75241175	2	2	1	1	0	14
6	75241266	75243716	2	2	1	1	0	14
6	75697518	75702644	1	1	1	1	0	7
6	82214830	82216075	2	2	1	1	0	4
6	83187076	83188613	2	2	1	1	0	8
6	85612924	85614980	2	2	1	1	1	17
6	85637144	85637242	2	2	1	0	1	9
6	85677192	85677423	2	2	1	1	0	3
6	87500668	87501157	1	1	1	1	0	23
6	89338544	89342323	2	2	1	1	0	23
6	99401631	99402539	2	2	1	1	0	9
6	99526110	99531631	1	1	1	1	0	11
6	106971835	106974577	2	2	1	0	2	13
6	107921910	107924817	2	2	1	1	0	4
6	108054588	108064184	2	2	1	1	0	14
6	109000674	109001287	2	2	1	1	0	21
6	112129076	112129875	2	2	1	1	0	6
6	112185348	112187449	2	2	1	1	0	15
6	116584858	116588841	1	1	1	1	0	18
6	117540816	117540917	1	1	1	1	0	22
6	117563385	117566853	2	2	1	1	0	22
6	122453908	122454150	2	2	1	1	0	9
6	122717964	122725127	1	1	1	1	0	5
6	125919432	125920942	1	1	1	1	0	6
6	125972329	125974846	1	1	1	1	0	10
6	129605960	129607892	2	2	1	1	0	18
6	132814783	132814971	1	1	1	1	0	7
6	132815089	132816460	1	1	1	1	0	9
6	132816564	132816959	1	1	1	1	0	15
6	132817062	132817479	1	1	1	1	0	15
6	135442715	135447007	2	2	1	1	0	22
6	135447161	135448289	2	2	1	1	0	17
6	138245592	138253879	1	1	1	1	0	6
6	143495848	143497388	2	2	1	1	0	5
6	144523189	144531051	1	1	1	1	0	3
6	145806422	145814602	2	2	1	1	0	11
6	147267168	147278080	1	1	1	1	0	17
6	149541060	149541366	2	2	1	1	0	22
6	152353434	152353588	2	2	1	1	0	18
6	152971415	152972271	2	2	1	1	0	7
6	157645840	157647258	1	1	1	1	0	20
6	159779791	159779894	2	2	1	1	0	23
6	159784068	159784665	2	2	1	1	0	4
6	159785998	159787742	2	2	1	1	0	16
6	159788144	159789404	2	2	1	1	0	5
6	160058125	160058905	1	1	1	1	0	19
6	160059099	160060546	1	1	1	1	0	4
6	160063631	160064400	1	1	1	1	0	16
6	166929792	166931043	2	2	1	1	0	12
6	169658359	169659085	2	2	1	1	0	14
6	169715858	169715954	2	2	1	1	0	10
6	170319125	170323078	1	1	1	1	0	22
6	170537341	170543600	2	2	1	2	0	17
6	170549114	170553129	2	2	1	1	0	5
7	855007	856357	1	1	1	2	0	18
7	899491	900101	2	2	1	1	0	11
7	5190494	5193117	1	1	1	1	0	9
7	5352095	5356915	2	2	1	1	0	16
7	5527892	5528003	2	2	1	1	0	14
7	5528186	5528280	2	2	1	2	0	20
7	5528720	5529160	2	2	1	1	0	19
7	6392042	6400125	1	1	1	0	1	10
7	12625143	12625761	1	1	1	1	0	7
7	16792958	16794935	2	2	1	1	0	9
7	16801204	16801319	2	2	1	1	0	6
7	16801384	16801657	2	2	1	1	0	21
7	16801804	16804934	2	2	1	2	0	20
7	17310124	17322500	1	1	1	1	0	16
7	22818049	22822676	2	2	1	1	0	13
7	22978337	22983943	2	2	0	1	0	18
7	23257066	23259979	1	1	1	1	0	4
7	26197462	26197621	2	2	1	1	0	22
7	27758134	27765833	1	1	1	1	0	16
7	27785312	27785398	1	1	1	1	0	12
7	27792231	27793065	1	1	1	1	0	22
7	29398487	29400542	1	1	1	1	0	5
7	30498939	30504568	2	2	1	1	0	23
7	30594940	30595107	1	1	1	1	0	4
7	32543262	32544693	1	1	1	1	0	14
7	32544780	32548846	1	1	1	1	0	14
7	33000261	33002675	1	1	1	1	0	21
7	35801271	35831491	1	1	1	1	0	5
7	35831497	35832797	1	1	1	1	0	5
7	35872767	35873640	1	1	1	1	0	4
7	39791652	39791743	1	1	1	1	0	8
7	42917691	42917777	2	2	1	1	0	7
7	44569204	44569808	2	2	1	1	0	15
7	44579629	44581092	2	4	1	1	0	6
7	44675269	44675969	1	1	1	1	0	23
7	44799481	44799701	1	1	1	1	0	3
7	44799875	44801286	1	1	1	1	0	6
7	45916668	45917212	2	2	1	1	0	8
7	50463432	50467213	2	2	1	1	0	6
7	50470172	50476623	2	2	1	1	0	20
7	50476644	50479786	2	2	1	1	0	6
7	56058104	56058361	1	1	1	1	0	3
7	56062756	56063012	1	1	1	1	0	24
7	56101862	56102866	2	2	1	1	0	18
7	73195702	73195878	1	1	1	0	1	3
7	73203465	73204562	1	1	1	1	0	24
7	74699096	74700246	1	1	1	1	0	22
7	74711110	74716893	1	1	1	1	0	14
7	74749091	74749267	1	1	1	0	1	3
7	75196797	75196973	2	2	1	0	1	3
7	75987985	75988082	2	2	1	2	0	22
7	75988342	75988420	2	2	1	1	0	12
7	75989225	75992143	2	2	1	1	0	13
7	75996600	76000889	2	2	1	1	0	19
7	80661211	80662989	1	1	1	1	0	10
7	82032902	82038076	2	2	1	1	0	13
7	92016268	92017016	1	1	1	1	0	20
7	92085687	92086227	1	1	1	1	0	5
7	92089530	92093096	1	1	1	1	0	15
7	92833691	92836477	2	2	1	1	0	5
7	94395102	94397747	1	1	1	1	0	11
7	94409421	94409563	1	1	1	1	0	10
7	96131882	96146555	2	2	1	1	0	8
7	96170126	96171471	2	2	1	1	0	22
7	98931666	98933240	1	1	1	1	0	9
7	98935676	98937155	1	1	1	1	0	14
7	99359739	99363542	1	1	1	1	0	8
7	99667066	99672579	2	2	1	1	0	15
7	100098291	100098577	2	2	1	1	0	17
7	100553501	100554092	1	1	1	1	0	12
7	101223557	101223672	1	1	1	1	0	19
7	104917981	104920384	2	2	1	1	0	6
7	104920426	104926452	2	2	1	1	0	10
7	107157325	107159448	1	1	1	1	0	12
7	107298347	107324439	2	2	1	1	0	8
7	107765879	107767578	2	2	1	1	0	22
7	107767909	107772053	2	2	1	1	0	6
7	107774873	107776451	2	2	1	1	0	20
7	107776545	107776636	2	2	1	1	0	6
7	107776707	107778174	2	2	1	2	0	12
7	107778282	107779667	2	2	1	1	0	16
7	107779764	107782796	2	2	1	1	0	9
7	107783353	107786826	2	2	1	1	0	17
7	107793882	107794378	2	2	1	2	0	9
7	107952224	107953529	2	2	1	2	0	23
7	107973072	107974985	2	2	1	1	0	10
7	116898836	116904176	1	1	1	1	0	16
7	116906343	116910232	1	1	1	1	0	20
7	116916123	116917726	1	1	1	1	0	12
7	123706827	123709088	2	2	1	1	0	21
7	128846906	128847696	1	1	1	1	0	8
7	128856922	128857117	1	1	1	1	0	8
7	129389735	129397221	1	1	1	1	0	7
7	129422939	129424873	1	1	1	1	0	21
7	130498478	130499874	1	1	1	0	1	19
7	130500533	130500788	1	1	1	0	1	4
7	130500533	130502643	1	1	1	0	1	4
7	131466416	131470841	1	1	1	1	0	20
7	141745585	141750310	1	1	1	1	0	23
7	142060374	142062567	1	1	1	0	1	22
7	149015043	149018991	2	2	1	1	0	14
7	151484805	151490942	2	2	1	1	0	16
7	152113399	152117156	1	1	1	1	0	22
7	157169123	157170303	1	1	1	1	0	8
7	157170451	157174918	1	1	1	1	0	18
7	157358638	157363160	1	1	1	1	0	11
8	450084	451268	1	1	1	1	0	10
8	9679988	9680724	1	1	1	1	0	19
8	9704758	9706186	1	1	1	1	0	10
8	11845223	11845660	2	2	1	1	0	17
8	11847823	11848066	2	2	1	1	0	3
8	11848153	11849045	2	2	1	1	0	3
8	13088705	13090251	2	2	1	1	0	15
8	17715902	17723671	2	2	1	1	0	15
8	17963292	17964567	1	1	1	1	0	5
8	18804899	18867673	2	2	1	1	0	24
8	19822521	19823300	1	1	1	1	0	3
8	21971942	21974669	1	1	1	1	0	15
8	27606525	27608937	2	2	1	1	0	18
8	29160868	29165661	2	2	1	1	0	20
8	30074056	30082846	2	2	1	1	0	18
8	30164176	30175084	1	1	1	1	0	12
8	30786308	30791196	2	2	1	1	0	13
8	30791316	30793916	2	2	1	1	0	15
8	32614565	32616834	1	1	1	1	0	6
8	39077412	39082640	1	1	1	1	0	20
8	39082722	39082967	1	1	1	2	0	22
8	42865490	42870003	2	2	1	1	0	4
8	47783810	47785112	2	2	1	1	0	12
8	53970464	53979024	2	2	1	0	2	24
8	54055134	54062253	2	2	1	1	0	14
8	58570966	58572204	1	1	1	1	0	16
8	60558924	60572045	1	1	1	1	0	10
8	61643434	61643944	2	2	1	1	0	10
8	61651125	61653567	2	2	1	1	0	9
8	63030218	63035655	2	2	1	1	0	20
8	66922393	66922613	2	2	1	1	0	13
8	67045961	67051229	2	2	1	1	0	23
8	67292124	67296430	2	2	1	1	0	14
8	70138333	70141183	2	2	1	1	0	20
8	72057018	72057716	2	2	1	1	0	15
8	72057817	72059389	2	2	1	1	0	3
8	73027053	73032041	1	1	1	1	0	6
8	73291253	73291551	2	2	1	1	1	11
8	73291911	73292238	2	2	1	1	1	21
8	73292406	73292688	2	2	1	1	0	6
8	73322811	73322912	1	1	1	1	0	16
8	85337064	85338251	2	2	1	2	0	14
8	85464116	85465271	1	1	1	1	0	22
8	85465470	85473692	1	1	1	1	0	9
8	85477276	85480669	1	1	1	2	0	14
8	90019173	90020908	1	1	1	1	0	24
8	94146168	94148743	2	2	1	1	0	21
8	94170548	94170853	2	2	1	1	0	22
8	94173997	94174101	2	2	1	1	0	4
8	94511730	94511995	2	2	1	1	0	21
8	94668251	94671452	1	1	1	1	0	4
8	96231941	96233155	2	2	1	1	0	9
8	96233228	96235511	2	2	1	1	0	9
8	96306557	96309556	1	1	1	1	0	18
8	98027830	98030461	1	1	1	2	0	6
8	98045400	98045507	2	2	1	1	0	4
8	99136753	99142973	1	1	1	1	0	15
8	99467635	99481598	1	1	1	1	0	17
8	99556654	99575657	1	1	1	2	0	22
8	100264786	100268784	2	2	1	1	0	6
8	100703360	100704296	2	2	1	1	0	5
8	100705057	100705588	2	2	1	1	0	17
8	100712458	100712651	2	2	1	1	0	13
8	100924051	100924134	2	2	1	1	0	18
8	100924299	100924915	2	2	1	1	0	4
8	102300152	102304042	2	2	1	1	0	7
8	102304170	102305084	2	2	1	1	0	8
8	102305296	102311298	2	2	1	1	0	14
8	102327897	102329089	2	2	1	1	0	8
8	102833219	102834188	2	2	1	1	0	8
8	102834264	102834665	2	2	1	1	0	9
8	103426146	103427096	1	1	1	1	0	12
8	103430690	103432658	1	1	1	1	0	17
8	103432742	103435625	1	1	1	1	0	23
8	108203118	108203400	2	2	1	1	0	16
8	109554888	109556934	1	1	1	1	0	17
8	116852709	116854244	2	2	1	1	0	16
8	119732187	119742533	2	2	1	1	0	6
8	120199567	120203708	1	1	1	1	0	11
8	123533241	123534701	2	2	1	1	0	17
8	123810352	123812518	1	1	1	1	0	12
8	132622689	132625271	2	2	1	1	0	20
8	144792141	144792365	2	2	1	2	0	8
9	5123122	5126332	1	1	1	1	0	24
9	5361188	5361757	2	2	1	1	0	13
9	13121933	13123152	2	2	1	1	0	17
9	14674386	14680032	2	2	1	1	0	16
9	15447245	15451319	1	1	1	1	0	9
9	16727998	16738359	2	2	1	1	0	22
9	19376389	19376493	2	2	1	2	0	19
9	19378515	19378707	2	2	1	1	0	23
9	33034331	33036573	1	1	1	1	0	12
9	35100173	35100597	2	2	1	1	0	3
9	35236587	35237702	1	1	1	1	0	16
9	35682164	35684245	2	2	1	2	0	19
9	35684551	35685063	2	2	1	1	0	8
9	35685140	35685268	2	2	1	2	0	23
9	35685340	35685433	2	2	1	2	0	15
9	35685781	35689145	2	2	1	1	0	8
9	35712125	35712834	2	2	1	1	0	17
9	35714082	35714238	2	2	1	1	0	11
9	35714688	35714759	2	2	1	1	0	8
9	35717441	35717618	2	2	1	1	0	5
9	35718911	35719073	2	2	1	1	0	10
9	35724080	35724191	2	2	1	1	0	3
9	69121366	69121483	1	1	1	1	0	13
9	69151772	69212547	1	1	1	1	0	20
9	70278626	70280758	1	1	1	1	0	6
9	72901281	72905957	2	2	1	1	0	21
9	72927178	72928891	2	2	1	1	0	17
9	76713722	76823631	2	2	1	1	0	15
9	81652289	81653973	2	2	1	1	0	3
9	81685897	81687333	2	2	1	1	0	17
9	83973400	83973901	2	2	1	1	0	3
9	83973974	83974516	2	2	1	1	0	12
9	83975506	83976994	2	2	1	1	0	3
9	85672682	85677435	2	2	1	1	0	15
9	85816264	85822879	1	1	1	1	0	11
9	86018396	86018698	1	1	1	1	0	9
9	86033396	86035367	2	2	1	1	0	12
9	87726254	87727593	1	1	1	1	0	19
9	88468606	88475077	1	1	1	1	0	3
9	92222673	92223345	2	2	1	1	0	16
9	93562305	93564228	1	1	1	1	0	11
9	94456338	94458321	1	1	1	1	0	12
9	96351172	96352037	2	2	1	1	0	8
9	96364551	96368271	2	2	1	1	0	17
9	97564169	97565847	1	1	1	1	0	8
9	98078348	98080815	1	1	1	1	0	21
9	100057860	100060099	2	2	1	1	0	10
9	104814476	104816142	2	2	1	1	0	13
9	107283696	107300140	1	1	1	1	0	9
9	110244844	110250819	2	2	1	1	0	3
9	110250880	110251357	2	2	1	1	0	23
9	110251463	110256411	2	2	1	2	0	22
9	110435365	110436379	2	2	1	1	0	4
9	111363660	111366238	2	2	1	1	0	14
9	113421204	113422548	1	1	1	1	0	17
9	120528798	120529977	2	2	1	1	0	15
9	120778546	120787768	2	2	1	1	0	3
9	121302168	121302910	1	1	1	1	0	14
9	121312489	121313933	1	1	1	1	0	6
9	121329016	121329237	1	1	1	1	0	9
9	123089851	123090274	1	1	1	1	0	19
9	124858068	124860182	2	2	1	1	0	23
9	124860265	124861418	2	2	1	1	0	12
9	124861556	124861909	2	2	1	1	0	10
9	127447727	127447876	2	2	1	2	0	20
9	127447990	127448336	2	2	1	1	0	21
9	127872854	127873025	2	2	1	1	0	18
9	127874650	127877622	2	2	1	1	0	18
9	127896333	127905206	2	2	1	1	0	16
9	128114687	128115073	2	2	1	1	0	18
9	128261758	128262562	2	4	1	1	0	10
9	128273973	128275892	2	2	1	1	0	5
9	128323148	128325778	1	1	0	1	0	14
9	128434614	128435652	1	1	1	1	0	15
9	128576957	128577128	1	1	1	1	0	10
9	128581060	128581781	1	1	1	1	0	20
9	128587699	128588808	1	1	1	1	0	14
9	128605179	128605295	1	1	1	1	0	15
9	128626688	128627385	1	1	1	1	0	13
9	128995515	128998150	1	1	1	1	0	24
9	129102058	129102399	2	2	1	1	0	18
9	129900102	129900425	2	2	1	1	0	11
9	129978613	129979317	2	2	1	1	0	6
9	129979375	129994842	2	2	1	1	0	8
9	130223160	130226388	1	1	1	1	0	12
9	130873038	130874867	1	1	1	1	0	17
9	131082162	131085523	1	1	1	1	0	22
9	131430260	131432616	1	1	1	1	0	15
9	131432795	131436619	1	1	1	1	0	17
9	132331140	132331276	2	2	1	1	0	6
9	133350053	133350239	1	1	1	1	0	10
9	133350728	133351001	1	1	1	0	1	12
9	133351072	133351261	1	1	1	1	0	15
9	134700123	134701170	1	1	1	1	0	7
9	136503331	136504672	2	2	1	1	0	4
9	136510806	136511151	2	2	1	1	0	10
9	136544103	136545725	2	2	1	1	0	22
9	136674808	136676584	2	2	1	1	0	3
9	136791425	136791710	1	1	1	1	0	10
9	137013564	137013831	2	2	1	1	0	13
9	137577604	137578624	2	2	1	1	0	19
9	137815643	137815946	1	1	1	1	0	12
X	2720425	2722626	1	1	1	1	0	9
X	2722675	2723313	1	1	1	1	0	21
X	2918228	2920600	2	2	1	1	0	9
X	3612326	3615814	2	2	1	1	0	21
X	12975169	12976245	1	1	1	2	0	9
X	12976362	12976776	1	1	1	2	0	23
X	15358194	15363108	2	2	1	1	0	16
X	20130608	20132181	2	2	1	1	0	14
X	20135842	20138538	2	2	1	2	0	12
X	20138623	20141624	2	2	1	1	0	22
X	21967317	21971896	1	1	1	1	0	15
X	21971991	21972506	1	1	1	1	0	18
X	21972572	21977060	1	1	1	1	0	10
X	24494884	24498828	1	1	1	1	0	5
X	31182905	31203960	2	2	1	1	0	15
X	32343287	32345942	2	2	1	1	0	20
X	32411914	32438240	2	2	1	1	0	12
X	32697999	32699111	2	2	1	1	0	11
X	37840652	37841027	2	2	1	1	0	17
X	37846359	37847480	2	2	1	1	0	6
X	38301372	38304634	2	2	1	1	0	7
X	40597345	40597526	1	1	1	1	0	7
X	41140772	41140965	1	1	1	1	0	14
X	41151058	41152947	1	1	1	1	0	17
X	41345325	41345403	1	1	1	1	0	17
X	43711977	43712704	1	1	1	1	0	3
X	43728315	43731240	1	1	1	1	0	9
X	46860103	46877504	1	1	1	1	0	22
X	47201367	47201477	1	1	1	1	0	11
X	47223760	47224384	1	1	1	1	0	9
X	47636928	47637012	2	2	1	1	0	11
X	48602207	48604271	1	1	1	1	0	19
X	53409504	53411760	2	2	1	1	0	14
X	53546593	53546703	2	2	1	1	0	19
X	53589817	53590403	2	2	1	1	0	15
X	53590500	53590999	2	2	1	1	0	11
X	53615836	53616969	2	2	1	1	0	3
X	54014564	54016594	2	2	1	1	0	6
X	54017822	54022258	2	2	1	1	0	20
X	54809818	54809871	1	3	1	1	0	5
X	54810214	54810820	1	1	1	1	0	9
X	66197895	66198877	1	1	1	1	0	9
X	71120171	71120970	1	1	1	1	0	7
X	71121438	71121561	1	1	1	1	0	18
X	71557297	71557492	1	1	1	1	0	21
X	72272773	72273231	2	2	1	5	0	19
X	72273390	72273800	2	2	1	1	0	21
X	72275151	72275543	2	2	1	1	0	7
X	72275725	72276156	2	2	1	2	0	8
X	73837504	73841381	2	2	1	1	0	13
X	75060331	75062327	2	2	1	1	0	15
X	77599581	77599731	2	2	1	1	0	9
X	78104406	78109866	1	1	1	1	0	22
X	78114161	78117311	1	1	1	1	0	10
X	85346043	85351349	2	2	1	1	0	8
X	85359631	85367691	2	2	1	1	0	19
X	101391565	101391754	1	1	1	0	1	18
X	101623277	101623813	1	1	1	1	0	7
X	101659502	101659757	2	2	1	1	0	8
X	118741157	118746953	1	1	1	1	0	13
X	118773976	118776426	1	1	1	1	0	6
X	118776512	118791761	1	1	1	1	0	8
X	119629509	119633359	2	2	1	1	0	19
X	119790012	119791573	2	2	1	0	2	18
X	120530255	120532421	2	2	1	1	0	14
X	123891317	123892730	1	1	1	1	0	20
X	124031126	124037526	1	1	1	1	0	3
X	124037624	124042568	1	1	1	2	0	21
X	129465963	129468772	2	2	1	1	0	14
X	129906237	129907366	1	1	1	1	0	15
X	130145570	130147492	2	2	1	1	0	5
X	133692495	133699894	2	2	1	1	0	5
X	136208642	136209870	1	1	1	1	0	20
X	136878087	136879016	2	2	1	1	0	10
X	150619140	150638942	1	1	1	1	0	16
X	153964285	153964577	2	2	1	1	0	23
X	153964727	153970647	2	2	1	1	0	14
X	154353205	154353295	2	2	1	1	0	20
X	154353458	154353553	2	2	1	1	0	24
X	154354044	154354150	2	2	1	1	0	6
X	154354292	154354380	2	2	1	2	0	20
X	154354712	154354824	2	2	1	1	0	10
X	154357624	154358198	2	2	1	3	0	22
X	154358356	154358444	2	2	1	2	0	16
X	154359407	154359483	2	2	1	1	0	20
X	154359647	154359731	2	2	1	2	0	16
X	154359906	154359989	2	2	1	2	0	15
X	154360588	154361307	2	2	1	1	0	13
X	154361788	154361978	2	2	1	1	0	14
X	154362149	154362241	2	2	1	1	0	18
X	154362333	154362417	2	2	1	1	0	23
X	154364958	154365135	2	2	1	2	0	17
X	154365260	154365348	2	2	1	2	0	19
X	154366851	154367396	2	2	1	1	0	12
X	154367545	154367640	2	2	1	1	0	22
X	154371362	154374505	2	2	1	1	0	14
X	154399595	154399802	1	1	1	1	0	3
X	154399942	154400463	1	1	1	2	0	24
X	154400627	154400701	1	1	1	1	0	6
X	154413253	154413481	1	1	1	1	0	23
X	155299146	155334370	2	2	1	1	0	8
X	156024273	156025031	1	1	1	0	1	18
X	156025101	156025240	1	1	1	0	1	15
KI270733.1	148271	173091	1	1	0	1	0	23
KI270721.1	2693	6093	1	1	1	0	1	11
KI270721.1	6217	7321	1	1	1	0	1	23
KI270721.1	7405	7976	1	1	1	0	1	16
